dc_nbr,month_end_date,employee_id,guid,hire_date,leave_date
1,30/04/2018,E00555,3ffe5abe-8b42-4c82-8464-ed8159f68dcc,22/04/2018,
1,30/04/2018,E00143,e062c7aa-159e-4caa-be7e-e63b283ad489,24/04/2018,
1,30/04/2018,E01024,a129f770-ea7e-47aa-b561-818a9331883b,26/04/2018,
1,30/04/2018,E00939,f799ab3c-7b3b-458f-bc62-d24f4269b967,13/04/2018,
1,30/04/2018,E00535,6f1e1bfe-0d58-4809-8410-bb8de79335e5,30/04/2018,
1,30/04/2018,E00819,e8c0c2f5-7772-441b-bd16-2964367257cc,10/04/2018,
1,30/04/2018,E00720,b0bff9a8-a4d6-4350-abd7-226f080eca22,10/04/2018,
1,30/04/2018,E00077,ce9e8a3b-01cb-4677-badd-d776b96de02d,02/04/2018,
1,30/04/2018,E00677,9ee2b9fa-d330-4fe6-b90d-533724b95fb9,13/04/2018,
1,31/05/2018,E00555,3ffe5abe-8b42-4c82-8464-ed8159f68dcc,22/04/2018,
1,31/05/2018,E00143,e062c7aa-159e-4caa-be7e-e63b283ad489,24/04/2018,
1,31/05/2018,E01024,a129f770-ea7e-47aa-b561-818a9331883b,26/04/2018,
1,31/05/2018,E00939,f799ab3c-7b3b-458f-bc62-d24f4269b967,13/04/2018,
1,31/05/2018,E00535,6f1e1bfe-0d58-4809-8410-bb8de79335e5,30/04/2018,
1,31/05/2018,E00819,e8c0c2f5-7772-441b-bd16-2964367257cc,10/04/2018,
1,31/05/2018,E00720,b0bff9a8-a4d6-4350-abd7-226f080eca22,10/04/2018,
1,31/05/2018,E00077,ce9e8a3b-01cb-4677-badd-d776b96de02d,02/04/2018,
1,31/05/2018,E00677,9ee2b9fa-d330-4fe6-b90d-533724b95fb9,13/04/2018,
1,31/05/2018,E00265,68b77746-3124-4043-b191-3466ff57f781,09/05/2018,
1,30/06/2018,E00555,3ffe5abe-8b42-4c82-8464-ed8159f68dcc,22/04/2018,
1,30/06/2018,E00143,e062c7aa-159e-4caa-be7e-e63b283ad489,24/04/2018,
1,30/06/2018,E01024,a129f770-ea7e-47aa-b561-818a9331883b,26/04/2018,
1,30/06/2018,E00939,f799ab3c-7b3b-458f-bc62-d24f4269b967,13/04/2018,
1,30/06/2018,E00535,6f1e1bfe-0d58-4809-8410-bb8de79335e5,30/04/2018,
1,30/06/2018,E00819,e8c0c2f5-7772-441b-bd16-2964367257cc,10/04/2018,
1,30/06/2018,E00720,b0bff9a8-a4d6-4350-abd7-226f080eca22,10/04/2018,
1,30/06/2018,E00077,ce9e8a3b-01cb-4677-badd-d776b96de02d,02/04/2018,
1,30/06/2018,E00677,9ee2b9fa-d330-4fe6-b90d-533724b95fb9,13/04/2018,
1,30/06/2018,E00265,68b77746-3124-4043-b191-3466ff57f781,09/05/2018,
1,31/07/2018,E00555,3ffe5abe-8b42-4c82-8464-ed8159f68dcc,22/04/2018,
1,31/07/2018,E00143,e062c7aa-159e-4caa-be7e-e63b283ad489,24/04/2018,
1,31/07/2018,E01024,a129f770-ea7e-47aa-b561-818a9331883b,26/04/2018,
1,31/07/2018,E00939,f799ab3c-7b3b-458f-bc62-d24f4269b967,13/04/2018,
1,31/07/2018,E00535,6f1e1bfe-0d58-4809-8410-bb8de79335e5,30/04/2018,
1,31/07/2018,E00819,e8c0c2f5-7772-441b-bd16-2964367257cc,10/04/2018,
1,31/07/2018,E00720,b0bff9a8-a4d6-4350-abd7-226f080eca22,10/04/2018,
1,31/07/2018,E00077,ce9e8a3b-01cb-4677-badd-d776b96de02d,02/04/2018,
1,31/07/2018,E00677,9ee2b9fa-d330-4fe6-b90d-533724b95fb9,13/04/2018,
1,31/07/2018,E00265,68b77746-3124-4043-b191-3466ff57f781,09/05/2018,
1,31/07/2018,E00660,0b822c3f-4473-49f0-a8f8-934f890007b2,01/07/2018,
1,31/07/2018,E01037,a8f0aa96-cf3c-4ad4-a580-51cb5c4dde53,20/07/2018,
1,31/08/2018,E00555,3ffe5abe-8b42-4c82-8464-ed8159f68dcc,22/04/2018,
1,31/08/2018,E00143,e062c7aa-159e-4caa-be7e-e63b283ad489,24/04/2018,
1,31/08/2018,E01024,a129f770-ea7e-47aa-b561-818a9331883b,26/04/2018,
1,31/08/2018,E00939,f799ab3c-7b3b-458f-bc62-d24f4269b967,13/04/2018,
1,31/08/2018,E00535,6f1e1bfe-0d58-4809-8410-bb8de79335e5,30/04/2018,
1,31/08/2018,E00819,e8c0c2f5-7772-441b-bd16-2964367257cc,10/04/2018,
1,31/08/2018,E00720,b0bff9a8-a4d6-4350-abd7-226f080eca22,10/04/2018,
1,31/08/2018,E00077,ce9e8a3b-01cb-4677-badd-d776b96de02d,02/04/2018,
1,31/08/2018,E00677,9ee2b9fa-d330-4fe6-b90d-533724b95fb9,13/04/2018,
1,31/08/2018,E00265,68b77746-3124-4043-b191-3466ff57f781,09/05/2018,
1,31/08/2018,E00660,0b822c3f-4473-49f0-a8f8-934f890007b2,01/07/2018,
1,31/08/2018,E01037,a8f0aa96-cf3c-4ad4-a580-51cb5c4dde53,20/07/2018,
1,30/09/2018,E00555,3ffe5abe-8b42-4c82-8464-ed8159f68dcc,22/04/2018,
1,30/09/2018,E00143,e062c7aa-159e-4caa-be7e-e63b283ad489,24/04/2018,
1,30/09/2018,E01024,a129f770-ea7e-47aa-b561-818a9331883b,26/04/2018,
1,30/09/2018,E00939,f799ab3c-7b3b-458f-bc62-d24f4269b967,13/04/2018,
1,30/09/2018,E00535,6f1e1bfe-0d58-4809-8410-bb8de79335e5,30/04/2018,
1,30/09/2018,E00819,e8c0c2f5-7772-441b-bd16-2964367257cc,10/04/2018,
1,30/09/2018,E00720,b0bff9a8-a4d6-4350-abd7-226f080eca22,10/04/2018,
1,30/09/2018,E00077,ce9e8a3b-01cb-4677-badd-d776b96de02d,02/04/2018,
1,30/09/2018,E00677,9ee2b9fa-d330-4fe6-b90d-533724b95fb9,13/04/2018,
1,30/09/2018,E00265,68b77746-3124-4043-b191-3466ff57f781,09/05/2018,
1,30/09/2018,E00660,0b822c3f-4473-49f0-a8f8-934f890007b2,01/07/2018,
1,30/09/2018,E01037,a8f0aa96-cf3c-4ad4-a580-51cb5c4dde53,20/07/2018,
1,30/09/2018,E00967,6f2b35f5-3aa5-4cda-8726-24f8b634e088,21/09/2018,
1,30/09/2018,E00206,a688d05d-fb21-418b-adbd-8b3b25376099,05/09/2018,
1,31/10/2018,E00555,3ffe5abe-8b42-4c82-8464-ed8159f68dcc,22/04/2018,
1,31/10/2018,E00143,e062c7aa-159e-4caa-be7e-e63b283ad489,24/04/2018,
1,31/10/2018,E01024,a129f770-ea7e-47aa-b561-818a9331883b,26/04/2018,
1,31/10/2018,E00939,f799ab3c-7b3b-458f-bc62-d24f4269b967,13/04/2018,
1,31/10/2018,E00535,6f1e1bfe-0d58-4809-8410-bb8de79335e5,30/04/2018,
1,31/10/2018,E00819,e8c0c2f5-7772-441b-bd16-2964367257cc,10/04/2018,
1,31/10/2018,E00720,b0bff9a8-a4d6-4350-abd7-226f080eca22,10/04/2018,
1,31/10/2018,E00077,ce9e8a3b-01cb-4677-badd-d776b96de02d,02/04/2018,
1,31/10/2018,E00677,9ee2b9fa-d330-4fe6-b90d-533724b95fb9,13/04/2018,
1,31/10/2018,E00265,68b77746-3124-4043-b191-3466ff57f781,09/05/2018,
1,31/10/2018,E00660,0b822c3f-4473-49f0-a8f8-934f890007b2,01/07/2018,
1,31/10/2018,E01037,a8f0aa96-cf3c-4ad4-a580-51cb5c4dde53,20/07/2018,
1,31/10/2018,E00967,6f2b35f5-3aa5-4cda-8726-24f8b634e088,21/09/2018,
1,31/10/2018,E00206,a688d05d-fb21-418b-adbd-8b3b25376099,05/09/2018,
1,30/11/2018,E00555,3ffe5abe-8b42-4c82-8464-ed8159f68dcc,22/04/2018,
1,30/11/2018,E00143,e062c7aa-159e-4caa-be7e-e63b283ad489,24/04/2018,
1,30/11/2018,E01024,a129f770-ea7e-47aa-b561-818a9331883b,26/04/2018,
1,30/11/2018,E00939,f799ab3c-7b3b-458f-bc62-d24f4269b967,13/04/2018,
1,30/11/2018,E00535,6f1e1bfe-0d58-4809-8410-bb8de79335e5,30/04/2018,08/11/2018
1,30/11/2018,E00819,e8c0c2f5-7772-441b-bd16-2964367257cc,10/04/2018,
1,30/11/2018,E00720,b0bff9a8-a4d6-4350-abd7-226f080eca22,10/04/2018,
1,30/11/2018,E00077,ce9e8a3b-01cb-4677-badd-d776b96de02d,02/04/2018,
1,30/11/2018,E00677,9ee2b9fa-d330-4fe6-b90d-533724b95fb9,13/04/2018,
1,30/11/2018,E00265,68b77746-3124-4043-b191-3466ff57f781,09/05/2018,
1,30/11/2018,E00660,0b822c3f-4473-49f0-a8f8-934f890007b2,01/07/2018,
1,30/11/2018,E01037,a8f0aa96-cf3c-4ad4-a580-51cb5c4dde53,20/07/2018,
1,30/11/2018,E00967,6f2b35f5-3aa5-4cda-8726-24f8b634e088,21/09/2018,
1,30/11/2018,E00206,a688d05d-fb21-418b-adbd-8b3b25376099,05/09/2018,
1,30/11/2018,E00531,22853c3b-3a11-45cf-930e-153b39a4d6ab,09/11/2018,
1,30/11/2018,E00437,e30a8645-4db0-45a1-80b4-8aeab7411ad8,11/11/2018,
1,31/12/2018,E00555,3ffe5abe-8b42-4c82-8464-ed8159f68dcc,22/04/2018,
1,31/12/2018,E00143,e062c7aa-159e-4caa-be7e-e63b283ad489,24/04/2018,
1,31/12/2018,E01024,a129f770-ea7e-47aa-b561-818a9331883b,26/04/2018,
1,31/12/2018,E00939,f799ab3c-7b3b-458f-bc62-d24f4269b967,13/04/2018,
1,31/12/2018,E00819,e8c0c2f5-7772-441b-bd16-2964367257cc,10/04/2018,
1,31/12/2018,E00720,b0bff9a8-a4d6-4350-abd7-226f080eca22,10/04/2018,
1,31/12/2018,E00077,ce9e8a3b-01cb-4677-badd-d776b96de02d,02/04/2018,
1,31/12/2018,E00677,9ee2b9fa-d330-4fe6-b90d-533724b95fb9,13/04/2018,
1,31/12/2018,E00265,68b77746-3124-4043-b191-3466ff57f781,09/05/2018,
1,31/12/2018,E00660,0b822c3f-4473-49f0-a8f8-934f890007b2,01/07/2018,
1,31/12/2018,E01037,a8f0aa96-cf3c-4ad4-a580-51cb5c4dde53,20/07/2018,
1,31/12/2018,E00967,6f2b35f5-3aa5-4cda-8726-24f8b634e088,21/09/2018,
1,31/12/2018,E00206,a688d05d-fb21-418b-adbd-8b3b25376099,05/09/2018,19/12/2018
1,31/12/2018,E00531,22853c3b-3a11-45cf-930e-153b39a4d6ab,09/11/2018,
1,31/12/2018,E00437,e30a8645-4db0-45a1-80b4-8aeab7411ad8,11/11/2018,
1,31/01/2019,E00555,3ffe5abe-8b42-4c82-8464-ed8159f68dcc,22/04/2018,
1,31/01/2019,E00143,e062c7aa-159e-4caa-be7e-e63b283ad489,24/04/2018,
1,31/01/2019,E01024,a129f770-ea7e-47aa-b561-818a9331883b,26/04/2018,
1,31/01/2019,E00939,f799ab3c-7b3b-458f-bc62-d24f4269b967,13/04/2018,25/01/2019
1,31/01/2019,E00819,e8c0c2f5-7772-441b-bd16-2964367257cc,10/04/2018,
1,31/01/2019,E00720,b0bff9a8-a4d6-4350-abd7-226f080eca22,10/04/2018,
1,31/01/2019,E00077,ce9e8a3b-01cb-4677-badd-d776b96de02d,02/04/2018,
1,31/01/2019,E00677,9ee2b9fa-d330-4fe6-b90d-533724b95fb9,13/04/2018,
1,31/01/2019,E00265,68b77746-3124-4043-b191-3466ff57f781,09/05/2018,
1,31/01/2019,E00660,0b822c3f-4473-49f0-a8f8-934f890007b2,01/07/2018,
1,31/01/2019,E01037,a8f0aa96-cf3c-4ad4-a580-51cb5c4dde53,20/07/2018,
1,31/01/2019,E00967,6f2b35f5-3aa5-4cda-8726-24f8b634e088,21/09/2018,
1,31/01/2019,E00531,22853c3b-3a11-45cf-930e-153b39a4d6ab,09/11/2018,
1,31/01/2019,E00437,e30a8645-4db0-45a1-80b4-8aeab7411ad8,11/11/2018,
1,31/01/2019,E00592,a254b645-1742-44e4-9392-d93f3c056dd8,19/01/2019,
1,28/02/2019,E00555,3ffe5abe-8b42-4c82-8464-ed8159f68dcc,22/04/2018,
1,28/02/2019,E00143,e062c7aa-159e-4caa-be7e-e63b283ad489,24/04/2018,
1,28/02/2019,E01024,a129f770-ea7e-47aa-b561-818a9331883b,26/04/2018,
1,28/02/2019,E00819,e8c0c2f5-7772-441b-bd16-2964367257cc,10/04/2018,
1,28/02/2019,E00720,b0bff9a8-a4d6-4350-abd7-226f080eca22,10/04/2018,
1,28/02/2019,E00077,ce9e8a3b-01cb-4677-badd-d776b96de02d,02/04/2018,
1,28/02/2019,E00677,9ee2b9fa-d330-4fe6-b90d-533724b95fb9,13/04/2018,
1,28/02/2019,E00265,68b77746-3124-4043-b191-3466ff57f781,09/05/2018,
1,28/02/2019,E00660,0b822c3f-4473-49f0-a8f8-934f890007b2,01/07/2018,
1,28/02/2019,E01037,a8f0aa96-cf3c-4ad4-a580-51cb5c4dde53,20/07/2018,
1,28/02/2019,E00967,6f2b35f5-3aa5-4cda-8726-24f8b634e088,21/09/2018,
1,28/02/2019,E00531,22853c3b-3a11-45cf-930e-153b39a4d6ab,09/11/2018,
1,28/02/2019,E00437,e30a8645-4db0-45a1-80b4-8aeab7411ad8,11/11/2018,
1,28/02/2019,E00592,a254b645-1742-44e4-9392-d93f3c056dd8,19/01/2019,
1,31/03/2019,E00555,3ffe5abe-8b42-4c82-8464-ed8159f68dcc,22/04/2018,
1,31/03/2019,E00143,e062c7aa-159e-4caa-be7e-e63b283ad489,24/04/2018,
1,31/03/2019,E01024,a129f770-ea7e-47aa-b561-818a9331883b,26/04/2018,
1,31/03/2019,E00819,e8c0c2f5-7772-441b-bd16-2964367257cc,10/04/2018,
1,31/03/2019,E00720,b0bff9a8-a4d6-4350-abd7-226f080eca22,10/04/2018,06/03/2019
1,31/03/2019,E00077,ce9e8a3b-01cb-4677-badd-d776b96de02d,02/04/2018,
1,31/03/2019,E00677,9ee2b9fa-d330-4fe6-b90d-533724b95fb9,13/04/2018,
1,31/03/2019,E00265,68b77746-3124-4043-b191-3466ff57f781,09/05/2018,
1,31/03/2019,E00660,0b822c3f-4473-49f0-a8f8-934f890007b2,01/07/2018,
1,31/03/2019,E01037,a8f0aa96-cf3c-4ad4-a580-51cb5c4dde53,20/07/2018,
1,31/03/2019,E00967,6f2b35f5-3aa5-4cda-8726-24f8b634e088,21/09/2018,
1,31/03/2019,E00531,22853c3b-3a11-45cf-930e-153b39a4d6ab,09/11/2018,
1,31/03/2019,E00437,e30a8645-4db0-45a1-80b4-8aeab7411ad8,11/11/2018,
1,31/03/2019,E00592,a254b645-1742-44e4-9392-d93f3c056dd8,19/01/2019,
1,30/04/2019,E00555,3ffe5abe-8b42-4c82-8464-ed8159f68dcc,22/04/2018,
1,30/04/2019,E00143,e062c7aa-159e-4caa-be7e-e63b283ad489,24/04/2018,
1,30/04/2019,E01024,a129f770-ea7e-47aa-b561-818a9331883b,26/04/2018,
1,30/04/2019,E00819,e8c0c2f5-7772-441b-bd16-2964367257cc,10/04/2018,
1,30/04/2019,E00077,ce9e8a3b-01cb-4677-badd-d776b96de02d,02/04/2018,
1,30/04/2019,E00677,9ee2b9fa-d330-4fe6-b90d-533724b95fb9,13/04/2018,
1,30/04/2019,E00265,68b77746-3124-4043-b191-3466ff57f781,09/05/2018,
1,30/04/2019,E00660,0b822c3f-4473-49f0-a8f8-934f890007b2,01/07/2018,21/04/2019
1,30/04/2019,E01037,a8f0aa96-cf3c-4ad4-a580-51cb5c4dde53,20/07/2018,
1,30/04/2019,E00967,6f2b35f5-3aa5-4cda-8726-24f8b634e088,21/09/2018,
1,30/04/2019,E00531,22853c3b-3a11-45cf-930e-153b39a4d6ab,09/11/2018,
1,30/04/2019,E00437,e30a8645-4db0-45a1-80b4-8aeab7411ad8,11/11/2018,
1,30/04/2019,E00592,a254b645-1742-44e4-9392-d93f3c056dd8,19/01/2019,
1,30/04/2019,E01212,204d97d5-80c5-4a51-8d89-a6d06dd8682e,23/04/2019,
1,31/05/2019,E00555,3ffe5abe-8b42-4c82-8464-ed8159f68dcc,22/04/2018,
1,31/05/2019,E00143,e062c7aa-159e-4caa-be7e-e63b283ad489,24/04/2018,
1,31/05/2019,E01024,a129f770-ea7e-47aa-b561-818a9331883b,26/04/2018,
1,31/05/2019,E00819,e8c0c2f5-7772-441b-bd16-2964367257cc,10/04/2018,
1,31/05/2019,E00077,ce9e8a3b-01cb-4677-badd-d776b96de02d,02/04/2018,
1,31/05/2019,E00677,9ee2b9fa-d330-4fe6-b90d-533724b95fb9,13/04/2018,
1,31/05/2019,E00265,68b77746-3124-4043-b191-3466ff57f781,09/05/2018,
1,31/05/2019,E01037,a8f0aa96-cf3c-4ad4-a580-51cb5c4dde53,20/07/2018,
1,31/05/2019,E00967,6f2b35f5-3aa5-4cda-8726-24f8b634e088,21/09/2018,
1,31/05/2019,E00531,22853c3b-3a11-45cf-930e-153b39a4d6ab,09/11/2018,
1,31/05/2019,E00437,e30a8645-4db0-45a1-80b4-8aeab7411ad8,11/11/2018,
1,31/05/2019,E00592,a254b645-1742-44e4-9392-d93f3c056dd8,19/01/2019,
1,31/05/2019,E01212,204d97d5-80c5-4a51-8d89-a6d06dd8682e,23/04/2019,
1,30/06/2019,E00555,3ffe5abe-8b42-4c82-8464-ed8159f68dcc,22/04/2018,
1,30/06/2019,E00143,e062c7aa-159e-4caa-be7e-e63b283ad489,24/04/2018,
1,30/06/2019,E01024,a129f770-ea7e-47aa-b561-818a9331883b,26/04/2018,
1,30/06/2019,E00819,e8c0c2f5-7772-441b-bd16-2964367257cc,10/04/2018,
1,30/06/2019,E00077,ce9e8a3b-01cb-4677-badd-d776b96de02d,02/04/2018,13/06/2019
1,30/06/2019,E00677,9ee2b9fa-d330-4fe6-b90d-533724b95fb9,13/04/2018,
1,30/06/2019,E00265,68b77746-3124-4043-b191-3466ff57f781,09/05/2018,
1,30/06/2019,E01037,a8f0aa96-cf3c-4ad4-a580-51cb5c4dde53,20/07/2018,08/06/2019
1,30/06/2019,E00967,6f2b35f5-3aa5-4cda-8726-24f8b634e088,21/09/2018,
1,30/06/2019,E00531,22853c3b-3a11-45cf-930e-153b39a4d6ab,09/11/2018,
1,30/06/2019,E00437,e30a8645-4db0-45a1-80b4-8aeab7411ad8,11/11/2018,
1,30/06/2019,E00592,a254b645-1742-44e4-9392-d93f3c056dd8,19/01/2019,
1,30/06/2019,E01212,204d97d5-80c5-4a51-8d89-a6d06dd8682e,23/04/2019,
1,31/07/2019,E00555,3ffe5abe-8b42-4c82-8464-ed8159f68dcc,22/04/2018,
1,31/07/2019,E00143,e062c7aa-159e-4caa-be7e-e63b283ad489,24/04/2018,
1,31/07/2019,E01024,a129f770-ea7e-47aa-b561-818a9331883b,26/04/2018,
1,31/07/2019,E00819,e8c0c2f5-7772-441b-bd16-2964367257cc,10/04/2018,
1,31/07/2019,E00677,9ee2b9fa-d330-4fe6-b90d-533724b95fb9,13/04/2018,
1,31/07/2019,E00265,68b77746-3124-4043-b191-3466ff57f781,09/05/2018,
1,31/07/2019,E00967,6f2b35f5-3aa5-4cda-8726-24f8b634e088,21/09/2018,
1,31/07/2019,E00531,22853c3b-3a11-45cf-930e-153b39a4d6ab,09/11/2018,
1,31/07/2019,E00437,e30a8645-4db0-45a1-80b4-8aeab7411ad8,11/11/2018,
1,31/07/2019,E00592,a254b645-1742-44e4-9392-d93f3c056dd8,19/01/2019,
1,31/07/2019,E01212,204d97d5-80c5-4a51-8d89-a6d06dd8682e,23/04/2019,
1,31/08/2019,E00555,3ffe5abe-8b42-4c82-8464-ed8159f68dcc,22/04/2018,
1,31/08/2019,E00143,e062c7aa-159e-4caa-be7e-e63b283ad489,24/04/2018,
1,31/08/2019,E01024,a129f770-ea7e-47aa-b561-818a9331883b,26/04/2018,
1,31/08/2019,E00819,e8c0c2f5-7772-441b-bd16-2964367257cc,10/04/2018,
1,31/08/2019,E00677,9ee2b9fa-d330-4fe6-b90d-533724b95fb9,13/04/2018,
1,31/08/2019,E00265,68b77746-3124-4043-b191-3466ff57f781,09/05/2018,
1,31/08/2019,E00967,6f2b35f5-3aa5-4cda-8726-24f8b634e088,21/09/2018,
1,31/08/2019,E00531,22853c3b-3a11-45cf-930e-153b39a4d6ab,09/11/2018,
1,31/08/2019,E00437,e30a8645-4db0-45a1-80b4-8aeab7411ad8,11/11/2018,
1,31/08/2019,E00592,a254b645-1742-44e4-9392-d93f3c056dd8,19/01/2019,
1,31/08/2019,E01212,204d97d5-80c5-4a51-8d89-a6d06dd8682e,23/04/2019,19/08/2019
1,31/08/2019,E01482,1070a7cf-677b-4d13-ace7-3a9aec32a274,28/08/2019,
1,31/08/2019,E00606,540d8dea-9025-41e9-8e03-5bacc056e5de,24/08/2019,
1,31/08/2019,E01377,30108ebd-5d61-4ca9-bdd9-2b2400ba6c89,23/08/2019,
1,31/08/2019,E00230,2800fd5b-2cd6-4164-9ed3-6f3883ca8d42,02/08/2019,
1,30/09/2019,E00555,3ffe5abe-8b42-4c82-8464-ed8159f68dcc,22/04/2018,
1,30/09/2019,E00143,e062c7aa-159e-4caa-be7e-e63b283ad489,24/04/2018,
1,30/09/2019,E01024,a129f770-ea7e-47aa-b561-818a9331883b,26/04/2018,
1,30/09/2019,E00819,e8c0c2f5-7772-441b-bd16-2964367257cc,10/04/2018,
1,30/09/2019,E00677,9ee2b9fa-d330-4fe6-b90d-533724b95fb9,13/04/2018,
1,30/09/2019,E00265,68b77746-3124-4043-b191-3466ff57f781,09/05/2018,
1,30/09/2019,E00967,6f2b35f5-3aa5-4cda-8726-24f8b634e088,21/09/2018,
1,30/09/2019,E00531,22853c3b-3a11-45cf-930e-153b39a4d6ab,09/11/2018,
1,30/09/2019,E00437,e30a8645-4db0-45a1-80b4-8aeab7411ad8,11/11/2018,
1,30/09/2019,E00592,a254b645-1742-44e4-9392-d93f3c056dd8,19/01/2019,
1,30/09/2019,E01482,1070a7cf-677b-4d13-ace7-3a9aec32a274,28/08/2019,
1,30/09/2019,E00606,540d8dea-9025-41e9-8e03-5bacc056e5de,24/08/2019,
1,30/09/2019,E01377,30108ebd-5d61-4ca9-bdd9-2b2400ba6c89,23/08/2019,
1,30/09/2019,E00230,2800fd5b-2cd6-4164-9ed3-6f3883ca8d42,02/08/2019,
1,31/10/2019,E00555,3ffe5abe-8b42-4c82-8464-ed8159f68dcc,22/04/2018,
1,31/10/2019,E00143,e062c7aa-159e-4caa-be7e-e63b283ad489,24/04/2018,
1,31/10/2019,E01024,a129f770-ea7e-47aa-b561-818a9331883b,26/04/2018,
1,31/10/2019,E00819,e8c0c2f5-7772-441b-bd16-2964367257cc,10/04/2018,
1,31/10/2019,E00677,9ee2b9fa-d330-4fe6-b90d-533724b95fb9,13/04/2018,
1,31/10/2019,E00265,68b77746-3124-4043-b191-3466ff57f781,09/05/2018,
1,31/10/2019,E00967,6f2b35f5-3aa5-4cda-8726-24f8b634e088,21/09/2018,
1,31/10/2019,E00531,22853c3b-3a11-45cf-930e-153b39a4d6ab,09/11/2018,
1,31/10/2019,E00437,e30a8645-4db0-45a1-80b4-8aeab7411ad8,11/11/2018,28/10/2019
1,31/10/2019,E00592,a254b645-1742-44e4-9392-d93f3c056dd8,19/01/2019,
1,31/10/2019,E01482,1070a7cf-677b-4d13-ace7-3a9aec32a274,28/08/2019,
1,31/10/2019,E00606,540d8dea-9025-41e9-8e03-5bacc056e5de,24/08/2019,
1,31/10/2019,E01377,30108ebd-5d61-4ca9-bdd9-2b2400ba6c89,23/08/2019,
1,31/10/2019,E00230,2800fd5b-2cd6-4164-9ed3-6f3883ca8d42,02/08/2019,
1,30/11/2019,E00555,3ffe5abe-8b42-4c82-8464-ed8159f68dcc,22/04/2018,
1,30/11/2019,E00143,e062c7aa-159e-4caa-be7e-e63b283ad489,24/04/2018,
1,30/11/2019,E01024,a129f770-ea7e-47aa-b561-818a9331883b,26/04/2018,
1,30/11/2019,E00819,e8c0c2f5-7772-441b-bd16-2964367257cc,10/04/2018,
1,30/11/2019,E00677,9ee2b9fa-d330-4fe6-b90d-533724b95fb9,13/04/2018,
1,30/11/2019,E00265,68b77746-3124-4043-b191-3466ff57f781,09/05/2018,
1,30/11/2019,E00967,6f2b35f5-3aa5-4cda-8726-24f8b634e088,21/09/2018,
1,30/11/2019,E00531,22853c3b-3a11-45cf-930e-153b39a4d6ab,09/11/2018,
5,30/11/2019,E00437,e30a8645-4db0-45a1-80b4-8aeab7411ad8,03/11/2019,
1,30/11/2019,E00592,a254b645-1742-44e4-9392-d93f3c056dd8,19/01/2019,
1,30/11/2019,E01482,1070a7cf-677b-4d13-ace7-3a9aec32a274,28/08/2019,
1,30/11/2019,E00606,540d8dea-9025-41e9-8e03-5bacc056e5de,24/08/2019,
1,30/11/2019,E01377,30108ebd-5d61-4ca9-bdd9-2b2400ba6c89,23/08/2019,
1,30/11/2019,E00230,2800fd5b-2cd6-4164-9ed3-6f3883ca8d42,02/08/2019,18/11/2019
1,30/11/2019,E01181,9613d134-7612-412c-9dcc-14642779ffcc,02/11/2019,
1,31/12/2019,E00555,3ffe5abe-8b42-4c82-8464-ed8159f68dcc,22/04/2018,
1,31/12/2019,E00143,e062c7aa-159e-4caa-be7e-e63b283ad489,24/04/2018,
1,31/12/2019,E01024,a129f770-ea7e-47aa-b561-818a9331883b,26/04/2018,
1,31/12/2019,E00819,e8c0c2f5-7772-441b-bd16-2964367257cc,10/04/2018,
1,31/12/2019,E00677,9ee2b9fa-d330-4fe6-b90d-533724b95fb9,13/04/2018,24/12/2019
1,31/12/2019,E00265,68b77746-3124-4043-b191-3466ff57f781,09/05/2018,
1,31/12/2019,E00967,6f2b35f5-3aa5-4cda-8726-24f8b634e088,21/09/2018,
1,31/12/2019,E00531,22853c3b-3a11-45cf-930e-153b39a4d6ab,09/11/2018,
5,31/12/2019,E00437,e30a8645-4db0-45a1-80b4-8aeab7411ad8,03/11/2019,
1,31/12/2019,E00592,a254b645-1742-44e4-9392-d93f3c056dd8,19/01/2019,
1,31/12/2019,E01482,1070a7cf-677b-4d13-ace7-3a9aec32a274,28/08/2019,
1,31/12/2019,E00606,540d8dea-9025-41e9-8e03-5bacc056e5de,24/08/2019,
1,31/12/2019,E01377,30108ebd-5d61-4ca9-bdd9-2b2400ba6c89,23/08/2019,
1,31/12/2019,E01181,9613d134-7612-412c-9dcc-14642779ffcc,02/11/2019,
1,31/01/2020,E00555,3ffe5abe-8b42-4c82-8464-ed8159f68dcc,22/04/2018,
1,31/01/2020,E00143,e062c7aa-159e-4caa-be7e-e63b283ad489,24/04/2018,
1,31/01/2020,E01024,a129f770-ea7e-47aa-b561-818a9331883b,26/04/2018,
1,31/01/2020,E00819,e8c0c2f5-7772-441b-bd16-2964367257cc,10/04/2018,
2,31/01/2020,E00677,9ee2b9fa-d330-4fe6-b90d-533724b95fb9,07/01/2020,
1,31/01/2020,E00265,68b77746-3124-4043-b191-3466ff57f781,09/05/2018,
1,31/01/2020,E00967,6f2b35f5-3aa5-4cda-8726-24f8b634e088,21/09/2018,
1,31/01/2020,E00531,22853c3b-3a11-45cf-930e-153b39a4d6ab,09/11/2018,
5,31/01/2020,E00437,e30a8645-4db0-45a1-80b4-8aeab7411ad8,03/11/2019,
1,31/01/2020,E00592,a254b645-1742-44e4-9392-d93f3c056dd8,19/01/2019,
1,31/01/2020,E01482,1070a7cf-677b-4d13-ace7-3a9aec32a274,28/08/2019,
1,31/01/2020,E00606,540d8dea-9025-41e9-8e03-5bacc056e5de,24/08/2019,
1,31/01/2020,E01377,30108ebd-5d61-4ca9-bdd9-2b2400ba6c89,23/08/2019,
1,31/01/2020,E01181,9613d134-7612-412c-9dcc-14642779ffcc,02/11/2019,
1,31/01/2020,E00820,ed1354b9-ecc4-4636-968c-6a3712d513a4,06/01/2020,
1,29/02/2020,E00555,3ffe5abe-8b42-4c82-8464-ed8159f68dcc,22/04/2018,13/02/2020
1,29/02/2020,E00143,e062c7aa-159e-4caa-be7e-e63b283ad489,24/04/2018,
1,29/02/2020,E01024,a129f770-ea7e-47aa-b561-818a9331883b,26/04/2018,
1,29/02/2020,E00819,e8c0c2f5-7772-441b-bd16-2964367257cc,10/04/2018,
2,29/02/2020,E00677,9ee2b9fa-d330-4fe6-b90d-533724b95fb9,07/01/2020,
1,29/02/2020,E00265,68b77746-3124-4043-b191-3466ff57f781,09/05/2018,
1,29/02/2020,E00967,6f2b35f5-3aa5-4cda-8726-24f8b634e088,21/09/2018,
1,29/02/2020,E00531,22853c3b-3a11-45cf-930e-153b39a4d6ab,09/11/2018,
5,29/02/2020,E00437,e30a8645-4db0-45a1-80b4-8aeab7411ad8,03/11/2019,
1,29/02/2020,E00592,a254b645-1742-44e4-9392-d93f3c056dd8,19/01/2019,
1,29/02/2020,E01482,1070a7cf-677b-4d13-ace7-3a9aec32a274,28/08/2019,
1,29/02/2020,E00606,540d8dea-9025-41e9-8e03-5bacc056e5de,24/08/2019,
1,29/02/2020,E01377,30108ebd-5d61-4ca9-bdd9-2b2400ba6c89,23/08/2019,26/02/2020
1,29/02/2020,E01181,9613d134-7612-412c-9dcc-14642779ffcc,02/11/2019,
1,29/02/2020,E00820,ed1354b9-ecc4-4636-968c-6a3712d513a4,06/01/2020,
1,29/02/2020,E00139,4d202a6b-6de5-46c1-82fe-05302e08815c,29/02/2020,
1,29/02/2020,E00020,dedf7fc9-688a-4cf1-a719-f1be2efe10e5,08/02/2020,
1,31/03/2020,E00143,e062c7aa-159e-4caa-be7e-e63b283ad489,24/04/2018,
1,31/03/2020,E01024,a129f770-ea7e-47aa-b561-818a9331883b,26/04/2018,
1,31/03/2020,E00819,e8c0c2f5-7772-441b-bd16-2964367257cc,10/04/2018,
2,31/03/2020,E00677,9ee2b9fa-d330-4fe6-b90d-533724b95fb9,07/01/2020,
1,31/03/2020,E00265,68b77746-3124-4043-b191-3466ff57f781,09/05/2018,
1,31/03/2020,E00967,6f2b35f5-3aa5-4cda-8726-24f8b634e088,21/09/2018,
1,31/03/2020,E00531,22853c3b-3a11-45cf-930e-153b39a4d6ab,09/11/2018,
5,31/03/2020,E00437,e30a8645-4db0-45a1-80b4-8aeab7411ad8,03/11/2019,
1,31/03/2020,E00592,a254b645-1742-44e4-9392-d93f3c056dd8,19/01/2019,
1,31/03/2020,E01482,1070a7cf-677b-4d13-ace7-3a9aec32a274,28/08/2019,
1,31/03/2020,E00606,540d8dea-9025-41e9-8e03-5bacc056e5de,24/08/2019,
2,31/03/2020,E01377,30108ebd-5d61-4ca9-bdd9-2b2400ba6c89,01/03/2020,
1,31/03/2020,E01181,9613d134-7612-412c-9dcc-14642779ffcc,02/11/2019,
1,31/03/2020,E00820,ed1354b9-ecc4-4636-968c-6a3712d513a4,06/01/2020,
1,31/03/2020,E00139,4d202a6b-6de5-46c1-82fe-05302e08815c,29/02/2020,
1,31/03/2020,E00020,dedf7fc9-688a-4cf1-a719-f1be2efe10e5,08/02/2020,
1,30/04/2020,E00143,e062c7aa-159e-4caa-be7e-e63b283ad489,24/04/2018,
1,30/04/2020,E01024,a129f770-ea7e-47aa-b561-818a9331883b,26/04/2018,
1,30/04/2020,E00819,e8c0c2f5-7772-441b-bd16-2964367257cc,10/04/2018,
2,30/04/2020,E00677,9ee2b9fa-d330-4fe6-b90d-533724b95fb9,07/01/2020,
1,30/04/2020,E00265,68b77746-3124-4043-b191-3466ff57f781,09/05/2018,
1,30/04/2020,E00967,6f2b35f5-3aa5-4cda-8726-24f8b634e088,21/09/2018,
1,30/04/2020,E00531,22853c3b-3a11-45cf-930e-153b39a4d6ab,09/11/2018,
5,30/04/2020,E00437,e30a8645-4db0-45a1-80b4-8aeab7411ad8,03/11/2019,
1,30/04/2020,E00592,a254b645-1742-44e4-9392-d93f3c056dd8,19/01/2019,
1,30/04/2020,E01482,1070a7cf-677b-4d13-ace7-3a9aec32a274,28/08/2019,
1,30/04/2020,E00606,540d8dea-9025-41e9-8e03-5bacc056e5de,24/08/2019,
2,30/04/2020,E01377,30108ebd-5d61-4ca9-bdd9-2b2400ba6c89,01/03/2020,
1,30/04/2020,E01181,9613d134-7612-412c-9dcc-14642779ffcc,02/11/2019,
1,30/04/2020,E00820,ed1354b9-ecc4-4636-968c-6a3712d513a4,06/01/2020,
1,30/04/2020,E00139,4d202a6b-6de5-46c1-82fe-05302e08815c,29/02/2020,
1,30/04/2020,E00020,dedf7fc9-688a-4cf1-a719-f1be2efe10e5,08/02/2020,03/04/2020
1,30/04/2020,E01395,f305c860-a32b-49ca-a6ab-e6cc6a00e655,16/04/2020,
1,31/05/2020,E00143,e062c7aa-159e-4caa-be7e-e63b283ad489,24/04/2018,
1,31/05/2020,E01024,a129f770-ea7e-47aa-b561-818a9331883b,26/04/2018,
1,31/05/2020,E00819,e8c0c2f5-7772-441b-bd16-2964367257cc,10/04/2018,
2,31/05/2020,E00677,9ee2b9fa-d330-4fe6-b90d-533724b95fb9,07/01/2020,
1,31/05/2020,E00265,68b77746-3124-4043-b191-3466ff57f781,09/05/2018,
1,31/05/2020,E00967,6f2b35f5-3aa5-4cda-8726-24f8b634e088,21/09/2018,
1,31/05/2020,E00531,22853c3b-3a11-45cf-930e-153b39a4d6ab,09/11/2018,
5,31/05/2020,E00437,e30a8645-4db0-45a1-80b4-8aeab7411ad8,03/11/2019,
1,31/05/2020,E00592,a254b645-1742-44e4-9392-d93f3c056dd8,19/01/2019,
1,31/05/2020,E01482,1070a7cf-677b-4d13-ace7-3a9aec32a274,28/08/2019,
1,31/05/2020,E00606,540d8dea-9025-41e9-8e03-5bacc056e5de,24/08/2019,
2,31/05/2020,E01377,30108ebd-5d61-4ca9-bdd9-2b2400ba6c89,01/03/2020,
1,31/05/2020,E01181,9613d134-7612-412c-9dcc-14642779ffcc,02/11/2019,
1,31/05/2020,E00820,ed1354b9-ecc4-4636-968c-6a3712d513a4,06/01/2020,
1,31/05/2020,E00139,4d202a6b-6de5-46c1-82fe-05302e08815c,29/02/2020,
1,31/05/2020,E01395,f305c860-a32b-49ca-a6ab-e6cc6a00e655,16/04/2020,
1,31/05/2020,E00933,68f6d24d-a405-4cfa-92bd-e65fdd740569,15/05/2020,
1,30/06/2020,E00143,e062c7aa-159e-4caa-be7e-e63b283ad489,24/04/2018,
1,30/06/2020,E01024,a129f770-ea7e-47aa-b561-818a9331883b,26/04/2018,
1,30/06/2020,E00819,e8c0c2f5-7772-441b-bd16-2964367257cc,10/04/2018,
2,30/06/2020,E00677,9ee2b9fa-d330-4fe6-b90d-533724b95fb9,07/01/2020,
1,30/06/2020,E00265,68b77746-3124-4043-b191-3466ff57f781,09/05/2018,
1,30/06/2020,E00967,6f2b35f5-3aa5-4cda-8726-24f8b634e088,21/09/2018,
1,30/06/2020,E00531,22853c3b-3a11-45cf-930e-153b39a4d6ab,09/11/2018,
5,30/06/2020,E00437,e30a8645-4db0-45a1-80b4-8aeab7411ad8,03/11/2019,21/06/2020
1,30/06/2020,E00592,a254b645-1742-44e4-9392-d93f3c056dd8,19/01/2019,
1,30/06/2020,E01482,1070a7cf-677b-4d13-ace7-3a9aec32a274,28/08/2019,
1,30/06/2020,E00606,540d8dea-9025-41e9-8e03-5bacc056e5de,24/08/2019,
2,30/06/2020,E01377,30108ebd-5d61-4ca9-bdd9-2b2400ba6c89,01/03/2020,
1,30/06/2020,E01181,9613d134-7612-412c-9dcc-14642779ffcc,02/11/2019,
1,30/06/2020,E00820,ed1354b9-ecc4-4636-968c-6a3712d513a4,06/01/2020,
1,30/06/2020,E00139,4d202a6b-6de5-46c1-82fe-05302e08815c,29/02/2020,
1,30/06/2020,E01395,f305c860-a32b-49ca-a6ab-e6cc6a00e655,16/04/2020,
1,30/06/2020,E00933,68f6d24d-a405-4cfa-92bd-e65fdd740569,15/05/2020,
1,31/07/2020,E00143,e062c7aa-159e-4caa-be7e-e63b283ad489,24/04/2018,
1,31/07/2020,E01024,a129f770-ea7e-47aa-b561-818a9331883b,26/04/2018,
1,31/07/2020,E00819,e8c0c2f5-7772-441b-bd16-2964367257cc,10/04/2018,
2,31/07/2020,E00677,9ee2b9fa-d330-4fe6-b90d-533724b95fb9,07/01/2020,04/07/2020
1,31/07/2020,E00265,68b77746-3124-4043-b191-3466ff57f781,09/05/2018,
1,31/07/2020,E00967,6f2b35f5-3aa5-4cda-8726-24f8b634e088,21/09/2018,
1,31/07/2020,E00531,22853c3b-3a11-45cf-930e-153b39a4d6ab,09/11/2018,
1,31/07/2020,E00592,a254b645-1742-44e4-9392-d93f3c056dd8,19/01/2019,
1,31/07/2020,E01482,1070a7cf-677b-4d13-ace7-3a9aec32a274,28/08/2019,
1,31/07/2020,E00606,540d8dea-9025-41e9-8e03-5bacc056e5de,24/08/2019,
2,31/07/2020,E01377,30108ebd-5d61-4ca9-bdd9-2b2400ba6c89,01/03/2020,
1,31/07/2020,E01181,9613d134-7612-412c-9dcc-14642779ffcc,02/11/2019,
1,31/07/2020,E00820,ed1354b9-ecc4-4636-968c-6a3712d513a4,06/01/2020,
1,31/07/2020,E00139,4d202a6b-6de5-46c1-82fe-05302e08815c,29/02/2020,
1,31/07/2020,E01395,f305c860-a32b-49ca-a6ab-e6cc6a00e655,16/04/2020,
1,31/07/2020,E00933,68f6d24d-a405-4cfa-92bd-e65fdd740569,15/05/2020,
1,31/07/2020,E00814,45d6c915-de01-4867-a93d-ab94f824ece4,16/07/2020,
1,31/07/2020,E01489,52acefca-0b2f-4dbd-9d46-d4e2593d3e28,09/07/2020,
1,31/08/2020,E00143,e062c7aa-159e-4caa-be7e-e63b283ad489,24/04/2018,
1,31/08/2020,E01024,a129f770-ea7e-47aa-b561-818a9331883b,26/04/2018,
1,31/08/2020,E00819,e8c0c2f5-7772-441b-bd16-2964367257cc,10/04/2018,
1,31/08/2020,E00265,68b77746-3124-4043-b191-3466ff57f781,09/05/2018,
1,31/08/2020,E00967,6f2b35f5-3aa5-4cda-8726-24f8b634e088,21/09/2018,
1,31/08/2020,E00531,22853c3b-3a11-45cf-930e-153b39a4d6ab,09/11/2018,
1,31/08/2020,E00592,a254b645-1742-44e4-9392-d93f3c056dd8,19/01/2019,
1,31/08/2020,E01482,1070a7cf-677b-4d13-ace7-3a9aec32a274,28/08/2019,
1,31/08/2020,E00606,540d8dea-9025-41e9-8e03-5bacc056e5de,24/08/2019,
2,31/08/2020,E01377,30108ebd-5d61-4ca9-bdd9-2b2400ba6c89,01/03/2020,
1,31/08/2020,E01181,9613d134-7612-412c-9dcc-14642779ffcc,02/11/2019,
1,31/08/2020,E00820,ed1354b9-ecc4-4636-968c-6a3712d513a4,06/01/2020,
1,31/08/2020,E00139,4d202a6b-6de5-46c1-82fe-05302e08815c,29/02/2020,
1,31/08/2020,E01395,f305c860-a32b-49ca-a6ab-e6cc6a00e655,16/04/2020,
1,31/08/2020,E00933,68f6d24d-a405-4cfa-92bd-e65fdd740569,15/05/2020,
1,31/08/2020,E00814,45d6c915-de01-4867-a93d-ab94f824ece4,16/07/2020,11/08/2020
1,31/08/2020,E01489,52acefca-0b2f-4dbd-9d46-d4e2593d3e28,09/07/2020,
1,30/09/2020,E00143,e062c7aa-159e-4caa-be7e-e63b283ad489,24/04/2018,
1,30/09/2020,E01024,a129f770-ea7e-47aa-b561-818a9331883b,26/04/2018,
1,30/09/2020,E00819,e8c0c2f5-7772-441b-bd16-2964367257cc,10/04/2018,
1,30/09/2020,E00265,68b77746-3124-4043-b191-3466ff57f781,09/05/2018,
1,30/09/2020,E00967,6f2b35f5-3aa5-4cda-8726-24f8b634e088,21/09/2018,
1,30/09/2020,E00531,22853c3b-3a11-45cf-930e-153b39a4d6ab,09/11/2018,
1,30/09/2020,E00592,a254b645-1742-44e4-9392-d93f3c056dd8,19/01/2019,
1,30/09/2020,E01482,1070a7cf-677b-4d13-ace7-3a9aec32a274,28/08/2019,
1,30/09/2020,E00606,540d8dea-9025-41e9-8e03-5bacc056e5de,24/08/2019,
2,30/09/2020,E01377,30108ebd-5d61-4ca9-bdd9-2b2400ba6c89,01/03/2020,27/09/2020
1,30/09/2020,E01181,9613d134-7612-412c-9dcc-14642779ffcc,02/11/2019,
1,30/09/2020,E00820,ed1354b9-ecc4-4636-968c-6a3712d513a4,06/01/2020,
1,30/09/2020,E00139,4d202a6b-6de5-46c1-82fe-05302e08815c,29/02/2020,
1,30/09/2020,E01395,f305c860-a32b-49ca-a6ab-e6cc6a00e655,16/04/2020,
1,30/09/2020,E00933,68f6d24d-a405-4cfa-92bd-e65fdd740569,15/05/2020,
1,30/09/2020,E01489,52acefca-0b2f-4dbd-9d46-d4e2593d3e28,09/07/2020,
1,30/09/2020,E00576,f1d80a8e-7e67-4b10-a84c-e144adc4e445,27/09/2020,
1,30/09/2020,E01154,0a29f7ca-7bb5-423f-a2ba-7749ea3300ce,05/09/2020,
1,31/10/2020,E00143,e062c7aa-159e-4caa-be7e-e63b283ad489,24/04/2018,
1,31/10/2020,E01024,a129f770-ea7e-47aa-b561-818a9331883b,26/04/2018,
1,31/10/2020,E00819,e8c0c2f5-7772-441b-bd16-2964367257cc,10/04/2018,
1,31/10/2020,E00265,68b77746-3124-4043-b191-3466ff57f781,09/05/2018,
1,31/10/2020,E00967,6f2b35f5-3aa5-4cda-8726-24f8b634e088,21/09/2018,
1,31/10/2020,E00531,22853c3b-3a11-45cf-930e-153b39a4d6ab,09/11/2018,
1,31/10/2020,E00592,a254b645-1742-44e4-9392-d93f3c056dd8,19/01/2019,
1,31/10/2020,E01482,1070a7cf-677b-4d13-ace7-3a9aec32a274,28/08/2019,
1,31/10/2020,E00606,540d8dea-9025-41e9-8e03-5bacc056e5de,24/08/2019,
1,31/10/2020,E01181,9613d134-7612-412c-9dcc-14642779ffcc,02/11/2019,
1,31/10/2020,E00820,ed1354b9-ecc4-4636-968c-6a3712d513a4,06/01/2020,
1,31/10/2020,E00139,4d202a6b-6de5-46c1-82fe-05302e08815c,29/02/2020,
1,31/10/2020,E01395,f305c860-a32b-49ca-a6ab-e6cc6a00e655,16/04/2020,
1,31/10/2020,E00933,68f6d24d-a405-4cfa-92bd-e65fdd740569,15/05/2020,
1,31/10/2020,E01489,52acefca-0b2f-4dbd-9d46-d4e2593d3e28,09/07/2020,
1,31/10/2020,E00576,f1d80a8e-7e67-4b10-a84c-e144adc4e445,27/09/2020,
1,31/10/2020,E01154,0a29f7ca-7bb5-423f-a2ba-7749ea3300ce,05/09/2020,
1,31/10/2020,E01084,f3540d7d-963a-4bf7-aa52-5a257a94060b,06/10/2020,
1,31/10/2020,E01230,1aa5cd2c-f8ba-42de-81b7-e00f0db7dd3a,13/10/2020,
1,30/11/2020,E00143,e062c7aa-159e-4caa-be7e-e63b283ad489,24/04/2018,
1,30/11/2020,E01024,a129f770-ea7e-47aa-b561-818a9331883b,26/04/2018,
1,30/11/2020,E00819,e8c0c2f5-7772-441b-bd16-2964367257cc,10/04/2018,
1,30/11/2020,E00265,68b77746-3124-4043-b191-3466ff57f781,09/05/2018,
1,30/11/2020,E00967,6f2b35f5-3aa5-4cda-8726-24f8b634e088,21/09/2018,
1,30/11/2020,E00531,22853c3b-3a11-45cf-930e-153b39a4d6ab,09/11/2018,
1,30/11/2020,E00592,a254b645-1742-44e4-9392-d93f3c056dd8,19/01/2019,
1,30/11/2020,E01482,1070a7cf-677b-4d13-ace7-3a9aec32a274,28/08/2019,
1,30/11/2020,E00606,540d8dea-9025-41e9-8e03-5bacc056e5de,24/08/2019,10/11/2020
1,30/11/2020,E01181,9613d134-7612-412c-9dcc-14642779ffcc,02/11/2019,
1,30/11/2020,E00820,ed1354b9-ecc4-4636-968c-6a3712d513a4,06/01/2020,
1,30/11/2020,E00139,4d202a6b-6de5-46c1-82fe-05302e08815c,29/02/2020,
1,30/11/2020,E01395,f305c860-a32b-49ca-a6ab-e6cc6a00e655,16/04/2020,
1,30/11/2020,E00933,68f6d24d-a405-4cfa-92bd-e65fdd740569,15/05/2020,
1,30/11/2020,E01489,52acefca-0b2f-4dbd-9d46-d4e2593d3e28,09/07/2020,
1,30/11/2020,E00576,f1d80a8e-7e67-4b10-a84c-e144adc4e445,27/09/2020,
1,30/11/2020,E01154,0a29f7ca-7bb5-423f-a2ba-7749ea3300ce,05/09/2020,
1,30/11/2020,E01084,f3540d7d-963a-4bf7-aa52-5a257a94060b,06/10/2020,
1,30/11/2020,E01230,1aa5cd2c-f8ba-42de-81b7-e00f0db7dd3a,13/10/2020,
1,30/11/2020,E01177,ceaa511e-3f66-4751-ab5c-3c86ab79dcaa,18/11/2020,
1,31/12/2020,E00143,e062c7aa-159e-4caa-be7e-e63b283ad489,24/04/2018,
1,31/12/2020,E01024,a129f770-ea7e-47aa-b561-818a9331883b,26/04/2018,
1,31/12/2020,E00819,e8c0c2f5-7772-441b-bd16-2964367257cc,10/04/2018,
1,31/12/2020,E00265,68b77746-3124-4043-b191-3466ff57f781,09/05/2018,
1,31/12/2020,E00967,6f2b35f5-3aa5-4cda-8726-24f8b634e088,21/09/2018,
1,31/12/2020,E00531,22853c3b-3a11-45cf-930e-153b39a4d6ab,09/11/2018,
1,31/12/2020,E00592,a254b645-1742-44e4-9392-d93f3c056dd8,19/01/2019,19/12/2020
1,31/12/2020,E01482,1070a7cf-677b-4d13-ace7-3a9aec32a274,28/08/2019,
1,31/12/2020,E01181,9613d134-7612-412c-9dcc-14642779ffcc,02/11/2019,
1,31/12/2020,E00820,ed1354b9-ecc4-4636-968c-6a3712d513a4,06/01/2020,
1,31/12/2020,E00139,4d202a6b-6de5-46c1-82fe-05302e08815c,29/02/2020,
1,31/12/2020,E01395,f305c860-a32b-49ca-a6ab-e6cc6a00e655,16/04/2020,09/12/2020
1,31/12/2020,E00933,68f6d24d-a405-4cfa-92bd-e65fdd740569,15/05/2020,
1,31/12/2020,E01489,52acefca-0b2f-4dbd-9d46-d4e2593d3e28,09/07/2020,
1,31/12/2020,E00576,f1d80a8e-7e67-4b10-a84c-e144adc4e445,27/09/2020,
1,31/12/2020,E01154,0a29f7ca-7bb5-423f-a2ba-7749ea3300ce,05/09/2020,
1,31/12/2020,E01084,f3540d7d-963a-4bf7-aa52-5a257a94060b,06/10/2020,
1,31/12/2020,E01230,1aa5cd2c-f8ba-42de-81b7-e00f0db7dd3a,13/10/2020,
1,31/12/2020,E01177,ceaa511e-3f66-4751-ab5c-3c86ab79dcaa,18/11/2020,
1,31/01/2021,E00143,e062c7aa-159e-4caa-be7e-e63b283ad489,24/04/2018,
1,31/01/2021,E01024,a129f770-ea7e-47aa-b561-818a9331883b,26/04/2018,
1,31/01/2021,E00819,e8c0c2f5-7772-441b-bd16-2964367257cc,10/04/2018,
1,31/01/2021,E00265,68b77746-3124-4043-b191-3466ff57f781,09/05/2018,
1,31/01/2021,E00967,6f2b35f5-3aa5-4cda-8726-24f8b634e088,21/09/2018,
1,31/01/2021,E00531,22853c3b-3a11-45cf-930e-153b39a4d6ab,09/11/2018,
1,31/01/2021,E01482,1070a7cf-677b-4d13-ace7-3a9aec32a274,28/08/2019,
1,31/01/2021,E01181,9613d134-7612-412c-9dcc-14642779ffcc,02/11/2019,
1,31/01/2021,E00820,ed1354b9-ecc4-4636-968c-6a3712d513a4,06/01/2020,
1,31/01/2021,E00139,4d202a6b-6de5-46c1-82fe-05302e08815c,29/02/2020,
1,31/01/2021,E00933,68f6d24d-a405-4cfa-92bd-e65fdd740569,15/05/2020,
1,31/01/2021,E01489,52acefca-0b2f-4dbd-9d46-d4e2593d3e28,09/07/2020,
1,31/01/2021,E00576,f1d80a8e-7e67-4b10-a84c-e144adc4e445,27/09/2020,
1,31/01/2021,E01154,0a29f7ca-7bb5-423f-a2ba-7749ea3300ce,05/09/2020,
1,31/01/2021,E01084,f3540d7d-963a-4bf7-aa52-5a257a94060b,06/10/2020,
1,31/01/2021,E01230,1aa5cd2c-f8ba-42de-81b7-e00f0db7dd3a,13/10/2020,
1,31/01/2021,E01177,ceaa511e-3f66-4751-ab5c-3c86ab79dcaa,18/11/2020,
1,28/02/2021,E00143,e062c7aa-159e-4caa-be7e-e63b283ad489,24/04/2018,
1,28/02/2021,E01024,a129f770-ea7e-47aa-b561-818a9331883b,26/04/2018,
1,28/02/2021,E00819,e8c0c2f5-7772-441b-bd16-2964367257cc,10/04/2018,
1,28/02/2021,E00265,68b77746-3124-4043-b191-3466ff57f781,09/05/2018,
1,28/02/2021,E00967,6f2b35f5-3aa5-4cda-8726-24f8b634e088,21/09/2018,
1,28/02/2021,E00531,22853c3b-3a11-45cf-930e-153b39a4d6ab,09/11/2018,
1,28/02/2021,E01482,1070a7cf-677b-4d13-ace7-3a9aec32a274,28/08/2019,
1,28/02/2021,E01181,9613d134-7612-412c-9dcc-14642779ffcc,02/11/2019,
1,28/02/2021,E00820,ed1354b9-ecc4-4636-968c-6a3712d513a4,06/01/2020,
1,28/02/2021,E00139,4d202a6b-6de5-46c1-82fe-05302e08815c,29/02/2020,
1,28/02/2021,E00933,68f6d24d-a405-4cfa-92bd-e65fdd740569,15/05/2020,
1,28/02/2021,E01489,52acefca-0b2f-4dbd-9d46-d4e2593d3e28,09/07/2020,
1,28/02/2021,E00576,f1d80a8e-7e67-4b10-a84c-e144adc4e445,27/09/2020,
1,28/02/2021,E01154,0a29f7ca-7bb5-423f-a2ba-7749ea3300ce,05/09/2020,
1,28/02/2021,E01084,f3540d7d-963a-4bf7-aa52-5a257a94060b,06/10/2020,
1,28/02/2021,E01230,1aa5cd2c-f8ba-42de-81b7-e00f0db7dd3a,13/10/2020,
1,28/02/2021,E01177,ceaa511e-3f66-4751-ab5c-3c86ab79dcaa,18/11/2020,
1,28/02/2021,E00661,9dc3525d-b3a7-440c-9d56-c76b753e92f3,06/02/2021,
1,31/03/2021,E00143,e062c7aa-159e-4caa-be7e-e63b283ad489,24/04/2018,
1,31/03/2021,E01024,a129f770-ea7e-47aa-b561-818a9331883b,26/04/2018,
1,31/03/2021,E00819,e8c0c2f5-7772-441b-bd16-2964367257cc,10/04/2018,
1,31/03/2021,E00265,68b77746-3124-4043-b191-3466ff57f781,09/05/2018,
1,31/03/2021,E00967,6f2b35f5-3aa5-4cda-8726-24f8b634e088,21/09/2018,
1,31/03/2021,E00531,22853c3b-3a11-45cf-930e-153b39a4d6ab,09/11/2018,
1,31/03/2021,E01482,1070a7cf-677b-4d13-ace7-3a9aec32a274,28/08/2019,
1,31/03/2021,E01181,9613d134-7612-412c-9dcc-14642779ffcc,02/11/2019,
1,31/03/2021,E00820,ed1354b9-ecc4-4636-968c-6a3712d513a4,06/01/2020,
1,31/03/2021,E00139,4d202a6b-6de5-46c1-82fe-05302e08815c,29/02/2020,
1,31/03/2021,E00933,68f6d24d-a405-4cfa-92bd-e65fdd740569,15/05/2020,
1,31/03/2021,E01489,52acefca-0b2f-4dbd-9d46-d4e2593d3e28,09/07/2020,
1,31/03/2021,E00576,f1d80a8e-7e67-4b10-a84c-e144adc4e445,27/09/2020,
1,31/03/2021,E01154,0a29f7ca-7bb5-423f-a2ba-7749ea3300ce,05/09/2020,
1,31/03/2021,E01084,f3540d7d-963a-4bf7-aa52-5a257a94060b,06/10/2020,
1,31/03/2021,E01230,1aa5cd2c-f8ba-42de-81b7-e00f0db7dd3a,13/10/2020,
1,31/03/2021,E01177,ceaa511e-3f66-4751-ab5c-3c86ab79dcaa,18/11/2020,
1,31/03/2021,E00661,9dc3525d-b3a7-440c-9d56-c76b753e92f3,06/02/2021,20/03/2021
1,31/03/2021,E00867,a49de7a2-4ca1-4af4-b791-cfbfc2c23288,21/03/2021,
1,31/03/2021,E00869,b4965ccc-f7ea-4e9a-8e9c-31cacf101d5d,23/03/2021,
1,31/03/2021,E01077,7e04e2e7-2753-4264-afde-a6b09a2d449f,13/03/2021,
1,30/04/2021,E00143,e062c7aa-159e-4caa-be7e-e63b283ad489,24/04/2018,
1,30/04/2021,E01024,a129f770-ea7e-47aa-b561-818a9331883b,26/04/2018,
1,30/04/2021,E00819,e8c0c2f5-7772-441b-bd16-2964367257cc,10/04/2018,
1,30/04/2021,E00265,68b77746-3124-4043-b191-3466ff57f781,09/05/2018,
1,30/04/2021,E00967,6f2b35f5-3aa5-4cda-8726-24f8b634e088,21/09/2018,
1,30/04/2021,E00531,22853c3b-3a11-45cf-930e-153b39a4d6ab,09/11/2018,
1,30/04/2021,E01482,1070a7cf-677b-4d13-ace7-3a9aec32a274,28/08/2019,
1,30/04/2021,E01181,9613d134-7612-412c-9dcc-14642779ffcc,02/11/2019,
1,30/04/2021,E00820,ed1354b9-ecc4-4636-968c-6a3712d513a4,06/01/2020,
1,30/04/2021,E00139,4d202a6b-6de5-46c1-82fe-05302e08815c,29/02/2020,
1,30/04/2021,E00933,68f6d24d-a405-4cfa-92bd-e65fdd740569,15/05/2020,
1,30/04/2021,E01489,52acefca-0b2f-4dbd-9d46-d4e2593d3e28,09/07/2020,
1,30/04/2021,E00576,f1d80a8e-7e67-4b10-a84c-e144adc4e445,27/09/2020,
1,30/04/2021,E01154,0a29f7ca-7bb5-423f-a2ba-7749ea3300ce,05/09/2020,
1,30/04/2021,E01084,f3540d7d-963a-4bf7-aa52-5a257a94060b,06/10/2020,
1,30/04/2021,E01230,1aa5cd2c-f8ba-42de-81b7-e00f0db7dd3a,13/10/2020,
1,30/04/2021,E01177,ceaa511e-3f66-4751-ab5c-3c86ab79dcaa,18/11/2020,
1,30/04/2021,E00867,a49de7a2-4ca1-4af4-b791-cfbfc2c23288,21/03/2021,
1,30/04/2021,E00869,b4965ccc-f7ea-4e9a-8e9c-31cacf101d5d,23/03/2021,
1,30/04/2021,E01077,7e04e2e7-2753-4264-afde-a6b09a2d449f,13/03/2021,
1,30/04/2021,E00078,a29ade9d-de70-4af7-bc7f-d0ee334cd370,01/04/2021,
1,31/05/2021,E00143,e062c7aa-159e-4caa-be7e-e63b283ad489,24/04/2018,
1,31/05/2021,E01024,a129f770-ea7e-47aa-b561-818a9331883b,26/04/2018,
1,31/05/2021,E00819,e8c0c2f5-7772-441b-bd16-2964367257cc,10/04/2018,
1,31/05/2021,E00265,68b77746-3124-4043-b191-3466ff57f781,09/05/2018,
1,31/05/2021,E00967,6f2b35f5-3aa5-4cda-8726-24f8b634e088,21/09/2018,
1,31/05/2021,E00531,22853c3b-3a11-45cf-930e-153b39a4d6ab,09/11/2018,
1,31/05/2021,E01482,1070a7cf-677b-4d13-ace7-3a9aec32a274,28/08/2019,
1,31/05/2021,E01181,9613d134-7612-412c-9dcc-14642779ffcc,02/11/2019,
1,31/05/2021,E00820,ed1354b9-ecc4-4636-968c-6a3712d513a4,06/01/2020,
1,31/05/2021,E00139,4d202a6b-6de5-46c1-82fe-05302e08815c,29/02/2020,
1,31/05/2021,E00933,68f6d24d-a405-4cfa-92bd-e65fdd740569,15/05/2020,
1,31/05/2021,E01489,52acefca-0b2f-4dbd-9d46-d4e2593d3e28,09/07/2020,
1,31/05/2021,E00576,f1d80a8e-7e67-4b10-a84c-e144adc4e445,27/09/2020,
1,31/05/2021,E01154,0a29f7ca-7bb5-423f-a2ba-7749ea3300ce,05/09/2020,
1,31/05/2021,E01084,f3540d7d-963a-4bf7-aa52-5a257a94060b,06/10/2020,
1,31/05/2021,E01230,1aa5cd2c-f8ba-42de-81b7-e00f0db7dd3a,13/10/2020,30/05/2021
1,31/05/2021,E01177,ceaa511e-3f66-4751-ab5c-3c86ab79dcaa,18/11/2020,
1,31/05/2021,E00867,a49de7a2-4ca1-4af4-b791-cfbfc2c23288,21/03/2021,
1,31/05/2021,E00869,b4965ccc-f7ea-4e9a-8e9c-31cacf101d5d,23/03/2021,
1,31/05/2021,E01077,7e04e2e7-2753-4264-afde-a6b09a2d449f,13/03/2021,28/05/2021
1,31/05/2021,E00078,a29ade9d-de70-4af7-bc7f-d0ee334cd370,01/04/2021,
1,31/05/2021,E00886,461887b4-141e-4688-84af-522b21a141b2,23/05/2021,
1,31/05/2021,E00326,bee50a13-b7a7-4fbe-a23b-7f6954f3c57c,17/05/2021,
1,30/06/2021,E00143,e062c7aa-159e-4caa-be7e-e63b283ad489,24/04/2018,
1,30/06/2021,E01024,a129f770-ea7e-47aa-b561-818a9331883b,26/04/2018,
1,30/06/2021,E00819,e8c0c2f5-7772-441b-bd16-2964367257cc,10/04/2018,
1,30/06/2021,E00265,68b77746-3124-4043-b191-3466ff57f781,09/05/2018,
1,30/06/2021,E00967,6f2b35f5-3aa5-4cda-8726-24f8b634e088,21/09/2018,
1,30/06/2021,E00531,22853c3b-3a11-45cf-930e-153b39a4d6ab,09/11/2018,
1,30/06/2021,E01482,1070a7cf-677b-4d13-ace7-3a9aec32a274,28/08/2019,
1,30/06/2021,E01181,9613d134-7612-412c-9dcc-14642779ffcc,02/11/2019,
1,30/06/2021,E00820,ed1354b9-ecc4-4636-968c-6a3712d513a4,06/01/2020,
1,30/06/2021,E00139,4d202a6b-6de5-46c1-82fe-05302e08815c,29/02/2020,
1,30/06/2021,E00933,68f6d24d-a405-4cfa-92bd-e65fdd740569,15/05/2020,
1,30/06/2021,E01489,52acefca-0b2f-4dbd-9d46-d4e2593d3e28,09/07/2020,
1,30/06/2021,E00576,f1d80a8e-7e67-4b10-a84c-e144adc4e445,27/09/2020,
1,30/06/2021,E01154,0a29f7ca-7bb5-423f-a2ba-7749ea3300ce,05/09/2020,
1,30/06/2021,E01084,f3540d7d-963a-4bf7-aa52-5a257a94060b,06/10/2020,
1,30/06/2021,E01177,ceaa511e-3f66-4751-ab5c-3c86ab79dcaa,18/11/2020,
1,30/06/2021,E00867,a49de7a2-4ca1-4af4-b791-cfbfc2c23288,21/03/2021,
1,30/06/2021,E00869,b4965ccc-f7ea-4e9a-8e9c-31cacf101d5d,23/03/2021,
6,30/06/2021,E01077,7e04e2e7-2753-4264-afde-a6b09a2d449f,05/06/2021,
1,30/06/2021,E00078,a29ade9d-de70-4af7-bc7f-d0ee334cd370,01/04/2021,
1,30/06/2021,E00886,461887b4-141e-4688-84af-522b21a141b2,23/05/2021,
1,30/06/2021,E00326,bee50a13-b7a7-4fbe-a23b-7f6954f3c57c,17/05/2021,
1,30/06/2021,E00152,935fa390-0c30-48bd-a2d8-067200b091dd,29/06/2021,
1,31/07/2021,E00143,e062c7aa-159e-4caa-be7e-e63b283ad489,24/04/2018,
1,31/07/2021,E01024,a129f770-ea7e-47aa-b561-818a9331883b,26/04/2018,
1,31/07/2021,E00819,e8c0c2f5-7772-441b-bd16-2964367257cc,10/04/2018,
1,31/07/2021,E00265,68b77746-3124-4043-b191-3466ff57f781,09/05/2018,
1,31/07/2021,E00967,6f2b35f5-3aa5-4cda-8726-24f8b634e088,21/09/2018,
1,31/07/2021,E00531,22853c3b-3a11-45cf-930e-153b39a4d6ab,09/11/2018,
1,31/07/2021,E01482,1070a7cf-677b-4d13-ace7-3a9aec32a274,28/08/2019,
1,31/07/2021,E01181,9613d134-7612-412c-9dcc-14642779ffcc,02/11/2019,
1,31/07/2021,E00820,ed1354b9-ecc4-4636-968c-6a3712d513a4,06/01/2020,
1,31/07/2021,E00139,4d202a6b-6de5-46c1-82fe-05302e08815c,29/02/2020,
1,31/07/2021,E00933,68f6d24d-a405-4cfa-92bd-e65fdd740569,15/05/2020,
1,31/07/2021,E01489,52acefca-0b2f-4dbd-9d46-d4e2593d3e28,09/07/2020,
1,31/07/2021,E00576,f1d80a8e-7e67-4b10-a84c-e144adc4e445,27/09/2020,
1,31/07/2021,E01154,0a29f7ca-7bb5-423f-a2ba-7749ea3300ce,05/09/2020,
1,31/07/2021,E01084,f3540d7d-963a-4bf7-aa52-5a257a94060b,06/10/2020,
1,31/07/2021,E01177,ceaa511e-3f66-4751-ab5c-3c86ab79dcaa,18/11/2020,
1,31/07/2021,E00867,a49de7a2-4ca1-4af4-b791-cfbfc2c23288,21/03/2021,
1,31/07/2021,E00869,b4965ccc-f7ea-4e9a-8e9c-31cacf101d5d,23/03/2021,
6,31/07/2021,E01077,7e04e2e7-2753-4264-afde-a6b09a2d449f,05/06/2021,
1,31/07/2021,E00078,a29ade9d-de70-4af7-bc7f-d0ee334cd370,01/04/2021,
1,31/07/2021,E00886,461887b4-141e-4688-84af-522b21a141b2,23/05/2021,
1,31/07/2021,E00326,bee50a13-b7a7-4fbe-a23b-7f6954f3c57c,17/05/2021,
1,31/07/2021,E00152,935fa390-0c30-48bd-a2d8-067200b091dd,29/06/2021,
1,31/07/2021,E00014,e83cd918-d05c-4ba8-93a6-da8a73ca6f96,26/07/2021,
1,31/07/2021,E01190,58caf57d-c050-4ade-9ae0-ed4386421b07,24/07/2021,
1,31/07/2021,E00319,6fbb8537-af87-4ccc-8912-3b406b1af63f,23/07/2021,
1,31/08/2021,E00143,e062c7aa-159e-4caa-be7e-e63b283ad489,24/04/2018,
1,31/08/2021,E01024,a129f770-ea7e-47aa-b561-818a9331883b,26/04/2018,
1,31/08/2021,E00819,e8c0c2f5-7772-441b-bd16-2964367257cc,10/04/2018,
1,31/08/2021,E00265,68b77746-3124-4043-b191-3466ff57f781,09/05/2018,
1,31/08/2021,E00967,6f2b35f5-3aa5-4cda-8726-24f8b634e088,21/09/2018,
1,31/08/2021,E00531,22853c3b-3a11-45cf-930e-153b39a4d6ab,09/11/2018,
1,31/08/2021,E01482,1070a7cf-677b-4d13-ace7-3a9aec32a274,28/08/2019,
1,31/08/2021,E01181,9613d134-7612-412c-9dcc-14642779ffcc,02/11/2019,
1,31/08/2021,E00820,ed1354b9-ecc4-4636-968c-6a3712d513a4,06/01/2020,
1,31/08/2021,E00139,4d202a6b-6de5-46c1-82fe-05302e08815c,29/02/2020,
1,31/08/2021,E00933,68f6d24d-a405-4cfa-92bd-e65fdd740569,15/05/2020,
1,31/08/2021,E01489,52acefca-0b2f-4dbd-9d46-d4e2593d3e28,09/07/2020,
1,31/08/2021,E00576,f1d80a8e-7e67-4b10-a84c-e144adc4e445,27/09/2020,
1,31/08/2021,E01154,0a29f7ca-7bb5-423f-a2ba-7749ea3300ce,05/09/2020,
1,31/08/2021,E01084,f3540d7d-963a-4bf7-aa52-5a257a94060b,06/10/2020,
1,31/08/2021,E01177,ceaa511e-3f66-4751-ab5c-3c86ab79dcaa,18/11/2020,
1,31/08/2021,E00867,a49de7a2-4ca1-4af4-b791-cfbfc2c23288,21/03/2021,
1,31/08/2021,E00869,b4965ccc-f7ea-4e9a-8e9c-31cacf101d5d,23/03/2021,30/08/2021
6,31/08/2021,E01077,7e04e2e7-2753-4264-afde-a6b09a2d449f,05/06/2021,
1,31/08/2021,E00078,a29ade9d-de70-4af7-bc7f-d0ee334cd370,01/04/2021,
1,31/08/2021,E00886,461887b4-141e-4688-84af-522b21a141b2,23/05/2021,
1,31/08/2021,E00326,bee50a13-b7a7-4fbe-a23b-7f6954f3c57c,17/05/2021,
1,31/08/2021,E00152,935fa390-0c30-48bd-a2d8-067200b091dd,29/06/2021,
1,31/08/2021,E00014,e83cd918-d05c-4ba8-93a6-da8a73ca6f96,26/07/2021,
1,31/08/2021,E01190,58caf57d-c050-4ade-9ae0-ed4386421b07,24/07/2021,
1,31/08/2021,E00319,6fbb8537-af87-4ccc-8912-3b406b1af63f,23/07/2021,
1,31/08/2021,E01497,696722bd-4ba4-4e31-a6ca-f438a3cf7ddf,06/08/2021,
1,30/09/2021,E00143,e062c7aa-159e-4caa-be7e-e63b283ad489,24/04/2018,
1,30/09/2021,E01024,a129f770-ea7e-47aa-b561-818a9331883b,26/04/2018,
1,30/09/2021,E00819,e8c0c2f5-7772-441b-bd16-2964367257cc,10/04/2018,
1,30/09/2021,E00265,68b77746-3124-4043-b191-3466ff57f781,09/05/2018,
1,30/09/2021,E00967,6f2b35f5-3aa5-4cda-8726-24f8b634e088,21/09/2018,
1,30/09/2021,E00531,22853c3b-3a11-45cf-930e-153b39a4d6ab,09/11/2018,
1,30/09/2021,E01482,1070a7cf-677b-4d13-ace7-3a9aec32a274,28/08/2019,
1,30/09/2021,E01181,9613d134-7612-412c-9dcc-14642779ffcc,02/11/2019,
1,30/09/2021,E00820,ed1354b9-ecc4-4636-968c-6a3712d513a4,06/01/2020,
1,30/09/2021,E00139,4d202a6b-6de5-46c1-82fe-05302e08815c,29/02/2020,
1,30/09/2021,E00933,68f6d24d-a405-4cfa-92bd-e65fdd740569,15/05/2020,
1,30/09/2021,E01489,52acefca-0b2f-4dbd-9d46-d4e2593d3e28,09/07/2020,
1,30/09/2021,E00576,f1d80a8e-7e67-4b10-a84c-e144adc4e445,27/09/2020,
1,30/09/2021,E01154,0a29f7ca-7bb5-423f-a2ba-7749ea3300ce,05/09/2020,
1,30/09/2021,E01084,f3540d7d-963a-4bf7-aa52-5a257a94060b,06/10/2020,
1,30/09/2021,E01177,ceaa511e-3f66-4751-ab5c-3c86ab79dcaa,18/11/2020,
1,30/09/2021,E00867,a49de7a2-4ca1-4af4-b791-cfbfc2c23288,21/03/2021,
6,30/09/2021,E01077,7e04e2e7-2753-4264-afde-a6b09a2d449f,05/06/2021,
1,30/09/2021,E00078,a29ade9d-de70-4af7-bc7f-d0ee334cd370,01/04/2021,
1,30/09/2021,E00886,461887b4-141e-4688-84af-522b21a141b2,23/05/2021,
1,30/09/2021,E00326,bee50a13-b7a7-4fbe-a23b-7f6954f3c57c,17/05/2021,
1,30/09/2021,E00152,935fa390-0c30-48bd-a2d8-067200b091dd,29/06/2021,
1,30/09/2021,E00014,e83cd918-d05c-4ba8-93a6-da8a73ca6f96,26/07/2021,22/09/2021
1,30/09/2021,E01190,58caf57d-c050-4ade-9ae0-ed4386421b07,24/07/2021,
1,30/09/2021,E00319,6fbb8537-af87-4ccc-8912-3b406b1af63f,23/07/2021,
1,30/09/2021,E01497,696722bd-4ba4-4e31-a6ca-f438a3cf7ddf,06/08/2021,
1,30/09/2021,E00945,29d3f2a9-8aa7-4e78-a747-2c66fdd73147,07/09/2021,
1,30/09/2021,E00412,7a42b349-d0c6-4e4b-b80e-d54c4074b6ab,23/09/2021,
1,30/09/2021,E00291,7a5a1ecb-d478-41a5-883f-f20728d6e915,24/09/2021,
1,31/10/2021,E00143,e062c7aa-159e-4caa-be7e-e63b283ad489,24/04/2018,
1,31/10/2021,E01024,a129f770-ea7e-47aa-b561-818a9331883b,26/04/2018,
1,31/10/2021,E00819,e8c0c2f5-7772-441b-bd16-2964367257cc,10/04/2018,
1,31/10/2021,E00265,68b77746-3124-4043-b191-3466ff57f781,09/05/2018,
1,31/10/2021,E00967,6f2b35f5-3aa5-4cda-8726-24f8b634e088,21/09/2018,
1,31/10/2021,E00531,22853c3b-3a11-45cf-930e-153b39a4d6ab,09/11/2018,
1,31/10/2021,E01482,1070a7cf-677b-4d13-ace7-3a9aec32a274,28/08/2019,
1,31/10/2021,E01181,9613d134-7612-412c-9dcc-14642779ffcc,02/11/2019,
1,31/10/2021,E00820,ed1354b9-ecc4-4636-968c-6a3712d513a4,06/01/2020,26/10/2021
1,31/10/2021,E00139,4d202a6b-6de5-46c1-82fe-05302e08815c,29/02/2020,
1,31/10/2021,E00933,68f6d24d-a405-4cfa-92bd-e65fdd740569,15/05/2020,
1,31/10/2021,E01489,52acefca-0b2f-4dbd-9d46-d4e2593d3e28,09/07/2020,
1,31/10/2021,E00576,f1d80a8e-7e67-4b10-a84c-e144adc4e445,27/09/2020,
1,31/10/2021,E01154,0a29f7ca-7bb5-423f-a2ba-7749ea3300ce,05/09/2020,
1,31/10/2021,E01084,f3540d7d-963a-4bf7-aa52-5a257a94060b,06/10/2020,
1,31/10/2021,E01177,ceaa511e-3f66-4751-ab5c-3c86ab79dcaa,18/11/2020,
1,31/10/2021,E00867,a49de7a2-4ca1-4af4-b791-cfbfc2c23288,21/03/2021,
6,31/10/2021,E01077,7e04e2e7-2753-4264-afde-a6b09a2d449f,05/06/2021,
1,31/10/2021,E00078,a29ade9d-de70-4af7-bc7f-d0ee334cd370,01/04/2021,
1,31/10/2021,E00886,461887b4-141e-4688-84af-522b21a141b2,23/05/2021,
1,31/10/2021,E00326,bee50a13-b7a7-4fbe-a23b-7f6954f3c57c,17/05/2021,
1,31/10/2021,E00152,935fa390-0c30-48bd-a2d8-067200b091dd,29/06/2021,
1,31/10/2021,E01190,58caf57d-c050-4ade-9ae0-ed4386421b07,24/07/2021,
1,31/10/2021,E00319,6fbb8537-af87-4ccc-8912-3b406b1af63f,23/07/2021,
1,31/10/2021,E01497,696722bd-4ba4-4e31-a6ca-f438a3cf7ddf,06/08/2021,
1,31/10/2021,E00945,29d3f2a9-8aa7-4e78-a747-2c66fdd73147,07/09/2021,
1,31/10/2021,E00412,7a42b349-d0c6-4e4b-b80e-d54c4074b6ab,23/09/2021,
1,31/10/2021,E00291,7a5a1ecb-d478-41a5-883f-f20728d6e915,24/09/2021,
1,30/11/2021,E00143,e062c7aa-159e-4caa-be7e-e63b283ad489,24/04/2018,
1,30/11/2021,E01024,a129f770-ea7e-47aa-b561-818a9331883b,26/04/2018,
1,30/11/2021,E00819,e8c0c2f5-7772-441b-bd16-2964367257cc,10/04/2018,
1,30/11/2021,E00265,68b77746-3124-4043-b191-3466ff57f781,09/05/2018,
1,30/11/2021,E00967,6f2b35f5-3aa5-4cda-8726-24f8b634e088,21/09/2018,
1,30/11/2021,E00531,22853c3b-3a11-45cf-930e-153b39a4d6ab,09/11/2018,
1,30/11/2021,E01482,1070a7cf-677b-4d13-ace7-3a9aec32a274,28/08/2019,
1,30/11/2021,E01181,9613d134-7612-412c-9dcc-14642779ffcc,02/11/2019,
1,30/11/2021,E00139,4d202a6b-6de5-46c1-82fe-05302e08815c,29/02/2020,
1,30/11/2021,E00933,68f6d24d-a405-4cfa-92bd-e65fdd740569,15/05/2020,
1,30/11/2021,E01489,52acefca-0b2f-4dbd-9d46-d4e2593d3e28,09/07/2020,
1,30/11/2021,E00576,f1d80a8e-7e67-4b10-a84c-e144adc4e445,27/09/2020,
1,30/11/2021,E01154,0a29f7ca-7bb5-423f-a2ba-7749ea3300ce,05/09/2020,
1,30/11/2021,E01084,f3540d7d-963a-4bf7-aa52-5a257a94060b,06/10/2020,
1,30/11/2021,E01177,ceaa511e-3f66-4751-ab5c-3c86ab79dcaa,18/11/2020,
1,30/11/2021,E00867,a49de7a2-4ca1-4af4-b791-cfbfc2c23288,21/03/2021,
6,30/11/2021,E01077,7e04e2e7-2753-4264-afde-a6b09a2d449f,05/06/2021,
1,30/11/2021,E00078,a29ade9d-de70-4af7-bc7f-d0ee334cd370,01/04/2021,
1,30/11/2021,E00886,461887b4-141e-4688-84af-522b21a141b2,23/05/2021,
1,30/11/2021,E00326,bee50a13-b7a7-4fbe-a23b-7f6954f3c57c,17/05/2021,
1,30/11/2021,E00152,935fa390-0c30-48bd-a2d8-067200b091dd,29/06/2021,
1,30/11/2021,E01190,58caf57d-c050-4ade-9ae0-ed4386421b07,24/07/2021,
1,30/11/2021,E00319,6fbb8537-af87-4ccc-8912-3b406b1af63f,23/07/2021,
1,30/11/2021,E01497,696722bd-4ba4-4e31-a6ca-f438a3cf7ddf,06/08/2021,
1,30/11/2021,E00945,29d3f2a9-8aa7-4e78-a747-2c66fdd73147,07/09/2021,20/11/2021
1,30/11/2021,E00412,7a42b349-d0c6-4e4b-b80e-d54c4074b6ab,23/09/2021,
1,30/11/2021,E00291,7a5a1ecb-d478-41a5-883f-f20728d6e915,24/09/2021,
1,30/11/2021,E01052,2962b5b0-0edc-49be-a926-f97755919e5d,23/11/2021,
1,30/11/2021,E00681,105db522-031d-4465-9946-c4cb2ff59062,11/11/2021,
1,30/11/2021,E01226,41ee1c54-52ce-4cce-8165-cf55a6a995ef,13/11/2021,
1,30/11/2021,E00538,319cb76c-70dd-46b3-8662-80aec19535e3,06/11/2021,
1,31/12/2021,E00143,e062c7aa-159e-4caa-be7e-e63b283ad489,24/04/2018,
1,31/12/2021,E01024,a129f770-ea7e-47aa-b561-818a9331883b,26/04/2018,
1,31/12/2021,E00819,e8c0c2f5-7772-441b-bd16-2964367257cc,10/04/2018,
1,31/12/2021,E00265,68b77746-3124-4043-b191-3466ff57f781,09/05/2018,
1,31/12/2021,E00967,6f2b35f5-3aa5-4cda-8726-24f8b634e088,21/09/2018,
1,31/12/2021,E00531,22853c3b-3a11-45cf-930e-153b39a4d6ab,09/11/2018,
1,31/12/2021,E01482,1070a7cf-677b-4d13-ace7-3a9aec32a274,28/08/2019,
1,31/12/2021,E01181,9613d134-7612-412c-9dcc-14642779ffcc,02/11/2019,01/12/2021
1,31/12/2021,E00139,4d202a6b-6de5-46c1-82fe-05302e08815c,29/02/2020,
1,31/12/2021,E00933,68f6d24d-a405-4cfa-92bd-e65fdd740569,15/05/2020,
1,31/12/2021,E01489,52acefca-0b2f-4dbd-9d46-d4e2593d3e28,09/07/2020,
1,31/12/2021,E00576,f1d80a8e-7e67-4b10-a84c-e144adc4e445,27/09/2020,
1,31/12/2021,E01154,0a29f7ca-7bb5-423f-a2ba-7749ea3300ce,05/09/2020,
1,31/12/2021,E01084,f3540d7d-963a-4bf7-aa52-5a257a94060b,06/10/2020,
1,31/12/2021,E01177,ceaa511e-3f66-4751-ab5c-3c86ab79dcaa,18/11/2020,
1,31/12/2021,E00867,a49de7a2-4ca1-4af4-b791-cfbfc2c23288,21/03/2021,
6,31/12/2021,E01077,7e04e2e7-2753-4264-afde-a6b09a2d449f,05/06/2021,
1,31/12/2021,E00078,a29ade9d-de70-4af7-bc7f-d0ee334cd370,01/04/2021,
1,31/12/2021,E00886,461887b4-141e-4688-84af-522b21a141b2,23/05/2021,
1,31/12/2021,E00326,bee50a13-b7a7-4fbe-a23b-7f6954f3c57c,17/05/2021,
1,31/12/2021,E00152,935fa390-0c30-48bd-a2d8-067200b091dd,29/06/2021,
1,31/12/2021,E01190,58caf57d-c050-4ade-9ae0-ed4386421b07,24/07/2021,
1,31/12/2021,E00319,6fbb8537-af87-4ccc-8912-3b406b1af63f,23/07/2021,
1,31/12/2021,E01497,696722bd-4ba4-4e31-a6ca-f438a3cf7ddf,06/08/2021,
1,31/12/2021,E00412,7a42b349-d0c6-4e4b-b80e-d54c4074b6ab,23/09/2021,
1,31/12/2021,E00291,7a5a1ecb-d478-41a5-883f-f20728d6e915,24/09/2021,
1,31/12/2021,E01052,2962b5b0-0edc-49be-a926-f97755919e5d,23/11/2021,
1,31/12/2021,E00681,105db522-031d-4465-9946-c4cb2ff59062,11/11/2021,
1,31/12/2021,E01226,41ee1c54-52ce-4cce-8165-cf55a6a995ef,13/11/2021,
1,31/12/2021,E00538,319cb76c-70dd-46b3-8662-80aec19535e3,06/11/2021,
1,31/01/2022,E00143,e062c7aa-159e-4caa-be7e-e63b283ad489,24/04/2018,
1,31/01/2022,E01024,a129f770-ea7e-47aa-b561-818a9331883b,26/04/2018,
1,31/01/2022,E00819,e8c0c2f5-7772-441b-bd16-2964367257cc,10/04/2018,
1,31/01/2022,E00265,68b77746-3124-4043-b191-3466ff57f781,09/05/2018,
1,31/01/2022,E00967,6f2b35f5-3aa5-4cda-8726-24f8b634e088,21/09/2018,
1,31/01/2022,E00531,22853c3b-3a11-45cf-930e-153b39a4d6ab,09/11/2018,
1,31/01/2022,E01482,1070a7cf-677b-4d13-ace7-3a9aec32a274,28/08/2019,
1,31/01/2022,E00139,4d202a6b-6de5-46c1-82fe-05302e08815c,29/02/2020,
1,31/01/2022,E00933,68f6d24d-a405-4cfa-92bd-e65fdd740569,15/05/2020,
1,31/01/2022,E01489,52acefca-0b2f-4dbd-9d46-d4e2593d3e28,09/07/2020,
1,31/01/2022,E00576,f1d80a8e-7e67-4b10-a84c-e144adc4e445,27/09/2020,
1,31/01/2022,E01154,0a29f7ca-7bb5-423f-a2ba-7749ea3300ce,05/09/2020,
1,31/01/2022,E01084,f3540d7d-963a-4bf7-aa52-5a257a94060b,06/10/2020,
1,31/01/2022,E01177,ceaa511e-3f66-4751-ab5c-3c86ab79dcaa,18/11/2020,
1,31/01/2022,E00867,a49de7a2-4ca1-4af4-b791-cfbfc2c23288,21/03/2021,
6,31/01/2022,E01077,7e04e2e7-2753-4264-afde-a6b09a2d449f,05/06/2021,
1,31/01/2022,E00078,a29ade9d-de70-4af7-bc7f-d0ee334cd370,01/04/2021,
1,31/01/2022,E00886,461887b4-141e-4688-84af-522b21a141b2,23/05/2021,23/01/2022
1,31/01/2022,E00326,bee50a13-b7a7-4fbe-a23b-7f6954f3c57c,17/05/2021,
1,31/01/2022,E00152,935fa390-0c30-48bd-a2d8-067200b091dd,29/06/2021,
1,31/01/2022,E01190,58caf57d-c050-4ade-9ae0-ed4386421b07,24/07/2021,
1,31/01/2022,E00319,6fbb8537-af87-4ccc-8912-3b406b1af63f,23/07/2021,
1,31/01/2022,E01497,696722bd-4ba4-4e31-a6ca-f438a3cf7ddf,06/08/2021,
1,31/01/2022,E00412,7a42b349-d0c6-4e4b-b80e-d54c4074b6ab,23/09/2021,
1,31/01/2022,E00291,7a5a1ecb-d478-41a5-883f-f20728d6e915,24/09/2021,
1,31/01/2022,E01052,2962b5b0-0edc-49be-a926-f97755919e5d,23/11/2021,
1,31/01/2022,E00681,105db522-031d-4465-9946-c4cb2ff59062,11/11/2021,
1,31/01/2022,E01226,41ee1c54-52ce-4cce-8165-cf55a6a995ef,13/11/2021,
1,31/01/2022,E00538,319cb76c-70dd-46b3-8662-80aec19535e3,06/11/2021,
1,31/01/2022,E00553,a2be118c-9c9f-4c52-ad25-c9acf48a2709,04/01/2022,
1,31/01/2022,E00904,6109518d-6cbb-4ea9-8ba9-4bea940ec2dd,31/01/2022,
1,31/01/2022,E00261,61afe027-0c5a-49cb-99bf-7a472e91e27c,18/01/2022,
1,31/01/2022,E00628,ac69717e-adee-4cf4-aa06-b57875fdda3c,05/01/2022,
1,31/01/2022,E00955,0265d16f-d55f-429f-b57b-a44fc4c9265d,31/01/2022,
1,28/02/2022,E00143,e062c7aa-159e-4caa-be7e-e63b283ad489,24/04/2018,
1,28/02/2022,E01024,a129f770-ea7e-47aa-b561-818a9331883b,26/04/2018,
1,28/02/2022,E00819,e8c0c2f5-7772-441b-bd16-2964367257cc,10/04/2018,
1,28/02/2022,E00265,68b77746-3124-4043-b191-3466ff57f781,09/05/2018,
1,28/02/2022,E00967,6f2b35f5-3aa5-4cda-8726-24f8b634e088,21/09/2018,
1,28/02/2022,E00531,22853c3b-3a11-45cf-930e-153b39a4d6ab,09/11/2018,
1,28/02/2022,E01482,1070a7cf-677b-4d13-ace7-3a9aec32a274,28/08/2019,
1,28/02/2022,E00139,4d202a6b-6de5-46c1-82fe-05302e08815c,29/02/2020,
1,28/02/2022,E00933,68f6d24d-a405-4cfa-92bd-e65fdd740569,15/05/2020,
1,28/02/2022,E01489,52acefca-0b2f-4dbd-9d46-d4e2593d3e28,09/07/2020,
1,28/02/2022,E00576,f1d80a8e-7e67-4b10-a84c-e144adc4e445,27/09/2020,
1,28/02/2022,E01154,0a29f7ca-7bb5-423f-a2ba-7749ea3300ce,05/09/2020,
1,28/02/2022,E01084,f3540d7d-963a-4bf7-aa52-5a257a94060b,06/10/2020,
1,28/02/2022,E01177,ceaa511e-3f66-4751-ab5c-3c86ab79dcaa,18/11/2020,
1,28/02/2022,E00867,a49de7a2-4ca1-4af4-b791-cfbfc2c23288,21/03/2021,
6,28/02/2022,E01077,7e04e2e7-2753-4264-afde-a6b09a2d449f,05/06/2021,
1,28/02/2022,E00078,a29ade9d-de70-4af7-bc7f-d0ee334cd370,01/04/2021,
1,28/02/2022,E00326,bee50a13-b7a7-4fbe-a23b-7f6954f3c57c,17/05/2021,
1,28/02/2022,E00152,935fa390-0c30-48bd-a2d8-067200b091dd,29/06/2021,
1,28/02/2022,E01190,58caf57d-c050-4ade-9ae0-ed4386421b07,24/07/2021,
1,28/02/2022,E00319,6fbb8537-af87-4ccc-8912-3b406b1af63f,23/07/2021,
1,28/02/2022,E01497,696722bd-4ba4-4e31-a6ca-f438a3cf7ddf,06/08/2021,
1,28/02/2022,E00412,7a42b349-d0c6-4e4b-b80e-d54c4074b6ab,23/09/2021,20/02/2022
1,28/02/2022,E00291,7a5a1ecb-d478-41a5-883f-f20728d6e915,24/09/2021,
1,28/02/2022,E01052,2962b5b0-0edc-49be-a926-f97755919e5d,23/11/2021,
1,28/02/2022,E00681,105db522-031d-4465-9946-c4cb2ff59062,11/11/2021,
1,28/02/2022,E01226,41ee1c54-52ce-4cce-8165-cf55a6a995ef,13/11/2021,
1,28/02/2022,E00538,319cb76c-70dd-46b3-8662-80aec19535e3,06/11/2021,
1,28/02/2022,E00553,a2be118c-9c9f-4c52-ad25-c9acf48a2709,04/01/2022,
1,28/02/2022,E00904,6109518d-6cbb-4ea9-8ba9-4bea940ec2dd,31/01/2022,
1,28/02/2022,E00261,61afe027-0c5a-49cb-99bf-7a472e91e27c,18/01/2022,
1,28/02/2022,E00628,ac69717e-adee-4cf4-aa06-b57875fdda3c,05/01/2022,
1,28/02/2022,E00955,0265d16f-d55f-429f-b57b-a44fc4c9265d,31/01/2022,
1,28/02/2022,E00694,a342e599-fbf8-4130-b368-d94feee6fc9a,27/02/2022,
1,31/03/2022,E00143,e062c7aa-159e-4caa-be7e-e63b283ad489,24/04/2018,
1,31/03/2022,E01024,a129f770-ea7e-47aa-b561-818a9331883b,26/04/2018,
1,31/03/2022,E00819,e8c0c2f5-7772-441b-bd16-2964367257cc,10/04/2018,
1,31/03/2022,E00265,68b77746-3124-4043-b191-3466ff57f781,09/05/2018,13/03/2022
1,31/03/2022,E00967,6f2b35f5-3aa5-4cda-8726-24f8b634e088,21/09/2018,
1,31/03/2022,E00531,22853c3b-3a11-45cf-930e-153b39a4d6ab,09/11/2018,
1,31/03/2022,E01482,1070a7cf-677b-4d13-ace7-3a9aec32a274,28/08/2019,
1,31/03/2022,E00139,4d202a6b-6de5-46c1-82fe-05302e08815c,29/02/2020,
1,31/03/2022,E00933,68f6d24d-a405-4cfa-92bd-e65fdd740569,15/05/2020,
1,31/03/2022,E01489,52acefca-0b2f-4dbd-9d46-d4e2593d3e28,09/07/2020,
1,31/03/2022,E00576,f1d80a8e-7e67-4b10-a84c-e144adc4e445,27/09/2020,
1,31/03/2022,E01154,0a29f7ca-7bb5-423f-a2ba-7749ea3300ce,05/09/2020,
1,31/03/2022,E01084,f3540d7d-963a-4bf7-aa52-5a257a94060b,06/10/2020,
1,31/03/2022,E01177,ceaa511e-3f66-4751-ab5c-3c86ab79dcaa,18/11/2020,
1,31/03/2022,E00867,a49de7a2-4ca1-4af4-b791-cfbfc2c23288,21/03/2021,
6,31/03/2022,E01077,7e04e2e7-2753-4264-afde-a6b09a2d449f,05/06/2021,
1,31/03/2022,E00078,a29ade9d-de70-4af7-bc7f-d0ee334cd370,01/04/2021,
1,31/03/2022,E00326,bee50a13-b7a7-4fbe-a23b-7f6954f3c57c,17/05/2021,
1,31/03/2022,E00152,935fa390-0c30-48bd-a2d8-067200b091dd,29/06/2021,
1,31/03/2022,E01190,58caf57d-c050-4ade-9ae0-ed4386421b07,24/07/2021,
1,31/03/2022,E00319,6fbb8537-af87-4ccc-8912-3b406b1af63f,23/07/2021,
1,31/03/2022,E01497,696722bd-4ba4-4e31-a6ca-f438a3cf7ddf,06/08/2021,
1,31/03/2022,E00291,7a5a1ecb-d478-41a5-883f-f20728d6e915,24/09/2021,
1,31/03/2022,E01052,2962b5b0-0edc-49be-a926-f97755919e5d,23/11/2021,
1,31/03/2022,E00681,105db522-031d-4465-9946-c4cb2ff59062,11/11/2021,
1,31/03/2022,E01226,41ee1c54-52ce-4cce-8165-cf55a6a995ef,13/11/2021,
1,31/03/2022,E00538,319cb76c-70dd-46b3-8662-80aec19535e3,06/11/2021,
1,31/03/2022,E00553,a2be118c-9c9f-4c52-ad25-c9acf48a2709,04/01/2022,
1,31/03/2022,E00904,6109518d-6cbb-4ea9-8ba9-4bea940ec2dd,31/01/2022,
1,31/03/2022,E00261,61afe027-0c5a-49cb-99bf-7a472e91e27c,18/01/2022,
1,31/03/2022,E00628,ac69717e-adee-4cf4-aa06-b57875fdda3c,05/01/2022,
1,31/03/2022,E00955,0265d16f-d55f-429f-b57b-a44fc4c9265d,31/01/2022,
1,31/03/2022,E00694,a342e599-fbf8-4130-b368-d94feee6fc9a,27/02/2022,
1,31/03/2022,E01201,a7fd2b54-a5e1-46c6-8751-b3a6bfc9bd97,07/03/2022,
1,31/03/2022,E01042,b2a68e80-9cfc-40bc-986a-2579ebb549da,10/03/2022,
1,31/03/2022,E01348,e3d2c9ff-d916-4225-8167-425ab7e3764c,12/03/2022,
1,31/03/2022,E00099,4d9cce28-c4a9-4ce1-9041-8d865c88e204,03/03/2022,
1,31/03/2022,E00204,9e915159-5f9d-4e69-a6f7-f7b71049847e,11/03/2022,
1,30/04/2022,E00143,e062c7aa-159e-4caa-be7e-e63b283ad489,24/04/2018,
1,30/04/2022,E01024,a129f770-ea7e-47aa-b561-818a9331883b,26/04/2018,
1,30/04/2022,E00819,e8c0c2f5-7772-441b-bd16-2964367257cc,10/04/2018,
1,30/04/2022,E00967,6f2b35f5-3aa5-4cda-8726-24f8b634e088,21/09/2018,
1,30/04/2022,E00531,22853c3b-3a11-45cf-930e-153b39a4d6ab,09/11/2018,
1,30/04/2022,E01482,1070a7cf-677b-4d13-ace7-3a9aec32a274,28/08/2019,
1,30/04/2022,E00139,4d202a6b-6de5-46c1-82fe-05302e08815c,29/02/2020,
1,30/04/2022,E00933,68f6d24d-a405-4cfa-92bd-e65fdd740569,15/05/2020,
1,30/04/2022,E01489,52acefca-0b2f-4dbd-9d46-d4e2593d3e28,09/07/2020,
1,30/04/2022,E00576,f1d80a8e-7e67-4b10-a84c-e144adc4e445,27/09/2020,
1,30/04/2022,E01154,0a29f7ca-7bb5-423f-a2ba-7749ea3300ce,05/09/2020,
1,30/04/2022,E01084,f3540d7d-963a-4bf7-aa52-5a257a94060b,06/10/2020,
1,30/04/2022,E01177,ceaa511e-3f66-4751-ab5c-3c86ab79dcaa,18/11/2020,
1,30/04/2022,E00867,a49de7a2-4ca1-4af4-b791-cfbfc2c23288,21/03/2021,
6,30/04/2022,E01077,7e04e2e7-2753-4264-afde-a6b09a2d449f,05/06/2021,
1,30/04/2022,E00078,a29ade9d-de70-4af7-bc7f-d0ee334cd370,01/04/2021,
1,30/04/2022,E00326,bee50a13-b7a7-4fbe-a23b-7f6954f3c57c,17/05/2021,
1,30/04/2022,E00152,935fa390-0c30-48bd-a2d8-067200b091dd,29/06/2021,
1,30/04/2022,E01190,58caf57d-c050-4ade-9ae0-ed4386421b07,24/07/2021,
1,30/04/2022,E00319,6fbb8537-af87-4ccc-8912-3b406b1af63f,23/07/2021,
1,30/04/2022,E01497,696722bd-4ba4-4e31-a6ca-f438a3cf7ddf,06/08/2021,
1,30/04/2022,E00291,7a5a1ecb-d478-41a5-883f-f20728d6e915,24/09/2021,
1,30/04/2022,E01052,2962b5b0-0edc-49be-a926-f97755919e5d,23/11/2021,
1,30/04/2022,E00681,105db522-031d-4465-9946-c4cb2ff59062,11/11/2021,
1,30/04/2022,E01226,41ee1c54-52ce-4cce-8165-cf55a6a995ef,13/11/2021,
1,30/04/2022,E00538,319cb76c-70dd-46b3-8662-80aec19535e3,06/11/2021,
1,30/04/2022,E00553,a2be118c-9c9f-4c52-ad25-c9acf48a2709,04/01/2022,24/04/2022
1,30/04/2022,E00904,6109518d-6cbb-4ea9-8ba9-4bea940ec2dd,31/01/2022,
1,30/04/2022,E00261,61afe027-0c5a-49cb-99bf-7a472e91e27c,18/01/2022,
1,30/04/2022,E00628,ac69717e-adee-4cf4-aa06-b57875fdda3c,05/01/2022,
1,30/04/2022,E00955,0265d16f-d55f-429f-b57b-a44fc4c9265d,31/01/2022,
1,30/04/2022,E00694,a342e599-fbf8-4130-b368-d94feee6fc9a,27/02/2022,
1,30/04/2022,E01201,a7fd2b54-a5e1-46c6-8751-b3a6bfc9bd97,07/03/2022,
1,30/04/2022,E01042,b2a68e80-9cfc-40bc-986a-2579ebb549da,10/03/2022,
1,30/04/2022,E01348,e3d2c9ff-d916-4225-8167-425ab7e3764c,12/03/2022,08/04/2022
1,30/04/2022,E00099,4d9cce28-c4a9-4ce1-9041-8d865c88e204,03/03/2022,
1,30/04/2022,E00204,9e915159-5f9d-4e69-a6f7-f7b71049847e,11/03/2022,
1,31/05/2022,E00143,e062c7aa-159e-4caa-be7e-e63b283ad489,24/04/2018,
1,31/05/2022,E01024,a129f770-ea7e-47aa-b561-818a9331883b,26/04/2018,
1,31/05/2022,E00819,e8c0c2f5-7772-441b-bd16-2964367257cc,10/04/2018,
1,31/05/2022,E00967,6f2b35f5-3aa5-4cda-8726-24f8b634e088,21/09/2018,
1,31/05/2022,E00531,22853c3b-3a11-45cf-930e-153b39a4d6ab,09/11/2018,
1,31/05/2022,E01482,1070a7cf-677b-4d13-ace7-3a9aec32a274,28/08/2019,
1,31/05/2022,E00139,4d202a6b-6de5-46c1-82fe-05302e08815c,29/02/2020,
1,31/05/2022,E00933,68f6d24d-a405-4cfa-92bd-e65fdd740569,15/05/2020,
1,31/05/2022,E01489,52acefca-0b2f-4dbd-9d46-d4e2593d3e28,09/07/2020,
1,31/05/2022,E00576,f1d80a8e-7e67-4b10-a84c-e144adc4e445,27/09/2020,
1,31/05/2022,E01154,0a29f7ca-7bb5-423f-a2ba-7749ea3300ce,05/09/2020,
1,31/05/2022,E01084,f3540d7d-963a-4bf7-aa52-5a257a94060b,06/10/2020,
1,31/05/2022,E01177,ceaa511e-3f66-4751-ab5c-3c86ab79dcaa,18/11/2020,
1,31/05/2022,E00867,a49de7a2-4ca1-4af4-b791-cfbfc2c23288,21/03/2021,
6,31/05/2022,E01077,7e04e2e7-2753-4264-afde-a6b09a2d449f,05/06/2021,
1,31/05/2022,E00078,a29ade9d-de70-4af7-bc7f-d0ee334cd370,01/04/2021,
1,31/05/2022,E00326,bee50a13-b7a7-4fbe-a23b-7f6954f3c57c,17/05/2021,
1,31/05/2022,E00152,935fa390-0c30-48bd-a2d8-067200b091dd,29/06/2021,
1,31/05/2022,E01190,58caf57d-c050-4ade-9ae0-ed4386421b07,24/07/2021,
1,31/05/2022,E00319,6fbb8537-af87-4ccc-8912-3b406b1af63f,23/07/2021,
1,31/05/2022,E01497,696722bd-4ba4-4e31-a6ca-f438a3cf7ddf,06/08/2021,
1,31/05/2022,E00291,7a5a1ecb-d478-41a5-883f-f20728d6e915,24/09/2021,
1,31/05/2022,E01052,2962b5b0-0edc-49be-a926-f97755919e5d,23/11/2021,
1,31/05/2022,E00681,105db522-031d-4465-9946-c4cb2ff59062,11/11/2021,
1,31/05/2022,E01226,41ee1c54-52ce-4cce-8165-cf55a6a995ef,13/11/2021,
1,31/05/2022,E00538,319cb76c-70dd-46b3-8662-80aec19535e3,06/11/2021,
5,31/05/2022,E00553,a2be118c-9c9f-4c52-ad25-c9acf48a2709,05/05/2022,
1,31/05/2022,E00904,6109518d-6cbb-4ea9-8ba9-4bea940ec2dd,31/01/2022,19/05/2022
1,31/05/2022,E00261,61afe027-0c5a-49cb-99bf-7a472e91e27c,18/01/2022,
1,31/05/2022,E00628,ac69717e-adee-4cf4-aa06-b57875fdda3c,05/01/2022,
1,31/05/2022,E00955,0265d16f-d55f-429f-b57b-a44fc4c9265d,31/01/2022,
1,31/05/2022,E00694,a342e599-fbf8-4130-b368-d94feee6fc9a,27/02/2022,
1,31/05/2022,E01201,a7fd2b54-a5e1-46c6-8751-b3a6bfc9bd97,07/03/2022,
1,31/05/2022,E01042,b2a68e80-9cfc-40bc-986a-2579ebb549da,10/03/2022,
1,31/05/2022,E00099,4d9cce28-c4a9-4ce1-9041-8d865c88e204,03/03/2022,
1,31/05/2022,E00204,9e915159-5f9d-4e69-a6f7-f7b71049847e,11/03/2022,
1,30/06/2022,E00143,e062c7aa-159e-4caa-be7e-e63b283ad489,24/04/2018,
1,30/06/2022,E01024,a129f770-ea7e-47aa-b561-818a9331883b,26/04/2018,
1,30/06/2022,E00819,e8c0c2f5-7772-441b-bd16-2964367257cc,10/04/2018,
1,30/06/2022,E00967,6f2b35f5-3aa5-4cda-8726-24f8b634e088,21/09/2018,
1,30/06/2022,E00531,22853c3b-3a11-45cf-930e-153b39a4d6ab,09/11/2018,
1,30/06/2022,E01482,1070a7cf-677b-4d13-ace7-3a9aec32a274,28/08/2019,
1,30/06/2022,E00139,4d202a6b-6de5-46c1-82fe-05302e08815c,29/02/2020,
1,30/06/2022,E00933,68f6d24d-a405-4cfa-92bd-e65fdd740569,15/05/2020,
1,30/06/2022,E01489,52acefca-0b2f-4dbd-9d46-d4e2593d3e28,09/07/2020,
1,30/06/2022,E00576,f1d80a8e-7e67-4b10-a84c-e144adc4e445,27/09/2020,
1,30/06/2022,E01154,0a29f7ca-7bb5-423f-a2ba-7749ea3300ce,05/09/2020,
1,30/06/2022,E01084,f3540d7d-963a-4bf7-aa52-5a257a94060b,06/10/2020,
1,30/06/2022,E01177,ceaa511e-3f66-4751-ab5c-3c86ab79dcaa,18/11/2020,
1,30/06/2022,E00867,a49de7a2-4ca1-4af4-b791-cfbfc2c23288,21/03/2021,
6,30/06/2022,E01077,7e04e2e7-2753-4264-afde-a6b09a2d449f,05/06/2021,
1,30/06/2022,E00078,a29ade9d-de70-4af7-bc7f-d0ee334cd370,01/04/2021,
1,30/06/2022,E00326,bee50a13-b7a7-4fbe-a23b-7f6954f3c57c,17/05/2021,
1,30/06/2022,E00152,935fa390-0c30-48bd-a2d8-067200b091dd,29/06/2021,
1,30/06/2022,E01190,58caf57d-c050-4ade-9ae0-ed4386421b07,24/07/2021,
1,30/06/2022,E00319,6fbb8537-af87-4ccc-8912-3b406b1af63f,23/07/2021,
1,30/06/2022,E01497,696722bd-4ba4-4e31-a6ca-f438a3cf7ddf,06/08/2021,
1,30/06/2022,E00291,7a5a1ecb-d478-41a5-883f-f20728d6e915,24/09/2021,
1,30/06/2022,E01052,2962b5b0-0edc-49be-a926-f97755919e5d,23/11/2021,
1,30/06/2022,E00681,105db522-031d-4465-9946-c4cb2ff59062,11/11/2021,
1,30/06/2022,E01226,41ee1c54-52ce-4cce-8165-cf55a6a995ef,13/11/2021,
1,30/06/2022,E00538,319cb76c-70dd-46b3-8662-80aec19535e3,06/11/2021,
5,30/06/2022,E00553,a2be118c-9c9f-4c52-ad25-c9acf48a2709,05/05/2022,
1,30/06/2022,E00261,61afe027-0c5a-49cb-99bf-7a472e91e27c,18/01/2022,
1,30/06/2022,E00628,ac69717e-adee-4cf4-aa06-b57875fdda3c,05/01/2022,
1,30/06/2022,E00955,0265d16f-d55f-429f-b57b-a44fc4c9265d,31/01/2022,
1,30/06/2022,E00694,a342e599-fbf8-4130-b368-d94feee6fc9a,27/02/2022,
1,30/06/2022,E01201,a7fd2b54-a5e1-46c6-8751-b3a6bfc9bd97,07/03/2022,
1,30/06/2022,E01042,b2a68e80-9cfc-40bc-986a-2579ebb549da,10/03/2022,
1,30/06/2022,E00099,4d9cce28-c4a9-4ce1-9041-8d865c88e204,03/03/2022,
1,30/06/2022,E00204,9e915159-5f9d-4e69-a6f7-f7b71049847e,11/03/2022,
1,30/06/2022,E01102,a122ee0a-46d2-47ce-8082-262ec553d1be,28/06/2022,
1,30/06/2022,E00147,9ea220c1-fd56-419f-bf4f-e47c679d257d,30/06/2022,
1,30/06/2022,E00352,988caa70-a3f8-4913-b7dc-1c204ce1f6d1,01/06/2022,
1,30/06/2022,E01147,d3110f1f-97a7-41d8-bc0e-ebf55d283bb5,24/06/2022,
1,30/06/2022,E00815,8bed2d35-1f14-428d-bac7-8ff6c985fdef,17/06/2022,
1,30/06/2022,E00194,244368ae-899f-49e3-971b-e1f7f5f624bb,10/06/2022,
1,30/06/2022,E00525,54f099cd-ebce-474a-88f5-c2918d68d849,05/06/2022,
1,30/06/2022,E01265,3467bed0-c143-4c88-8b18-c58ce8a709a7,11/06/2022,
1,31/07/2022,E00143,e062c7aa-159e-4caa-be7e-e63b283ad489,24/04/2018,
1,31/07/2022,E01024,a129f770-ea7e-47aa-b561-818a9331883b,26/04/2018,
1,31/07/2022,E00819,e8c0c2f5-7772-441b-bd16-2964367257cc,10/04/2018,
1,31/07/2022,E00967,6f2b35f5-3aa5-4cda-8726-24f8b634e088,21/09/2018,
1,31/07/2022,E00531,22853c3b-3a11-45cf-930e-153b39a4d6ab,09/11/2018,
1,31/07/2022,E01482,1070a7cf-677b-4d13-ace7-3a9aec32a274,28/08/2019,
1,31/07/2022,E00139,4d202a6b-6de5-46c1-82fe-05302e08815c,29/02/2020,
1,31/07/2022,E00933,68f6d24d-a405-4cfa-92bd-e65fdd740569,15/05/2020,
1,31/07/2022,E01489,52acefca-0b2f-4dbd-9d46-d4e2593d3e28,09/07/2020,05/07/2022
1,31/07/2022,E00576,f1d80a8e-7e67-4b10-a84c-e144adc4e445,27/09/2020,
1,31/07/2022,E01154,0a29f7ca-7bb5-423f-a2ba-7749ea3300ce,05/09/2020,
1,31/07/2022,E01084,f3540d7d-963a-4bf7-aa52-5a257a94060b,06/10/2020,
1,31/07/2022,E01177,ceaa511e-3f66-4751-ab5c-3c86ab79dcaa,18/11/2020,
1,31/07/2022,E00867,a49de7a2-4ca1-4af4-b791-cfbfc2c23288,21/03/2021,
6,31/07/2022,E01077,7e04e2e7-2753-4264-afde-a6b09a2d449f,05/06/2021,
1,31/07/2022,E00078,a29ade9d-de70-4af7-bc7f-d0ee334cd370,01/04/2021,
1,31/07/2022,E00326,bee50a13-b7a7-4fbe-a23b-7f6954f3c57c,17/05/2021,
1,31/07/2022,E00152,935fa390-0c30-48bd-a2d8-067200b091dd,29/06/2021,
1,31/07/2022,E01190,58caf57d-c050-4ade-9ae0-ed4386421b07,24/07/2021,
1,31/07/2022,E00319,6fbb8537-af87-4ccc-8912-3b406b1af63f,23/07/2021,
1,31/07/2022,E01497,696722bd-4ba4-4e31-a6ca-f438a3cf7ddf,06/08/2021,
1,31/07/2022,E00291,7a5a1ecb-d478-41a5-883f-f20728d6e915,24/09/2021,
1,31/07/2022,E01052,2962b5b0-0edc-49be-a926-f97755919e5d,23/11/2021,
1,31/07/2022,E00681,105db522-031d-4465-9946-c4cb2ff59062,11/11/2021,
1,31/07/2022,E01226,41ee1c54-52ce-4cce-8165-cf55a6a995ef,13/11/2021,
1,31/07/2022,E00538,319cb76c-70dd-46b3-8662-80aec19535e3,06/11/2021,
5,31/07/2022,E00553,a2be118c-9c9f-4c52-ad25-c9acf48a2709,05/05/2022,
1,31/07/2022,E00261,61afe027-0c5a-49cb-99bf-7a472e91e27c,18/01/2022,
1,31/07/2022,E00628,ac69717e-adee-4cf4-aa06-b57875fdda3c,05/01/2022,
1,31/07/2022,E00955,0265d16f-d55f-429f-b57b-a44fc4c9265d,31/01/2022,
1,31/07/2022,E00694,a342e599-fbf8-4130-b368-d94feee6fc9a,27/02/2022,
1,31/07/2022,E01201,a7fd2b54-a5e1-46c6-8751-b3a6bfc9bd97,07/03/2022,
1,31/07/2022,E01042,b2a68e80-9cfc-40bc-986a-2579ebb549da,10/03/2022,
1,31/07/2022,E00099,4d9cce28-c4a9-4ce1-9041-8d865c88e204,03/03/2022,
1,31/07/2022,E00204,9e915159-5f9d-4e69-a6f7-f7b71049847e,11/03/2022,
1,31/07/2022,E01102,a122ee0a-46d2-47ce-8082-262ec553d1be,28/06/2022,01/07/2022
1,31/07/2022,E00147,9ea220c1-fd56-419f-bf4f-e47c679d257d,30/06/2022,
1,31/07/2022,E00352,988caa70-a3f8-4913-b7dc-1c204ce1f6d1,01/06/2022,
1,31/07/2022,E01147,d3110f1f-97a7-41d8-bc0e-ebf55d283bb5,24/06/2022,
1,31/07/2022,E00815,8bed2d35-1f14-428d-bac7-8ff6c985fdef,17/06/2022,
1,31/07/2022,E00194,244368ae-899f-49e3-971b-e1f7f5f624bb,10/06/2022,
1,31/07/2022,E00525,54f099cd-ebce-474a-88f5-c2918d68d849,05/06/2022,
1,31/07/2022,E01265,3467bed0-c143-4c88-8b18-c58ce8a709a7,11/06/2022,
1,31/08/2022,E00143,e062c7aa-159e-4caa-be7e-e63b283ad489,24/04/2018,
1,31/08/2022,E01024,a129f770-ea7e-47aa-b561-818a9331883b,26/04/2018,
1,31/08/2022,E00819,e8c0c2f5-7772-441b-bd16-2964367257cc,10/04/2018,
1,31/08/2022,E00967,6f2b35f5-3aa5-4cda-8726-24f8b634e088,21/09/2018,
1,31/08/2022,E00531,22853c3b-3a11-45cf-930e-153b39a4d6ab,09/11/2018,
1,31/08/2022,E01482,1070a7cf-677b-4d13-ace7-3a9aec32a274,28/08/2019,
1,31/08/2022,E00139,4d202a6b-6de5-46c1-82fe-05302e08815c,29/02/2020,
1,31/08/2022,E00933,68f6d24d-a405-4cfa-92bd-e65fdd740569,15/05/2020,
1,31/08/2022,E00576,f1d80a8e-7e67-4b10-a84c-e144adc4e445,27/09/2020,
1,31/08/2022,E01154,0a29f7ca-7bb5-423f-a2ba-7749ea3300ce,05/09/2020,
1,31/08/2022,E01084,f3540d7d-963a-4bf7-aa52-5a257a94060b,06/10/2020,
1,31/08/2022,E01177,ceaa511e-3f66-4751-ab5c-3c86ab79dcaa,18/11/2020,
1,31/08/2022,E00867,a49de7a2-4ca1-4af4-b791-cfbfc2c23288,21/03/2021,
6,31/08/2022,E01077,7e04e2e7-2753-4264-afde-a6b09a2d449f,05/06/2021,
1,31/08/2022,E00078,a29ade9d-de70-4af7-bc7f-d0ee334cd370,01/04/2021,
1,31/08/2022,E00326,bee50a13-b7a7-4fbe-a23b-7f6954f3c57c,17/05/2021,
1,31/08/2022,E00152,935fa390-0c30-48bd-a2d8-067200b091dd,29/06/2021,
1,31/08/2022,E01190,58caf57d-c050-4ade-9ae0-ed4386421b07,24/07/2021,
1,31/08/2022,E00319,6fbb8537-af87-4ccc-8912-3b406b1af63f,23/07/2021,
1,31/08/2022,E01497,696722bd-4ba4-4e31-a6ca-f438a3cf7ddf,06/08/2021,
1,31/08/2022,E00291,7a5a1ecb-d478-41a5-883f-f20728d6e915,24/09/2021,
1,31/08/2022,E01052,2962b5b0-0edc-49be-a926-f97755919e5d,23/11/2021,
1,31/08/2022,E00681,105db522-031d-4465-9946-c4cb2ff59062,11/11/2021,
1,31/08/2022,E01226,41ee1c54-52ce-4cce-8165-cf55a6a995ef,13/11/2021,
1,31/08/2022,E00538,319cb76c-70dd-46b3-8662-80aec19535e3,06/11/2021,
5,31/08/2022,E00553,a2be118c-9c9f-4c52-ad25-c9acf48a2709,05/05/2022,
1,31/08/2022,E00261,61afe027-0c5a-49cb-99bf-7a472e91e27c,18/01/2022,
1,31/08/2022,E00628,ac69717e-adee-4cf4-aa06-b57875fdda3c,05/01/2022,
1,31/08/2022,E00955,0265d16f-d55f-429f-b57b-a44fc4c9265d,31/01/2022,
1,31/08/2022,E00694,a342e599-fbf8-4130-b368-d94feee6fc9a,27/02/2022,
1,31/08/2022,E01201,a7fd2b54-a5e1-46c6-8751-b3a6bfc9bd97,07/03/2022,
1,31/08/2022,E01042,b2a68e80-9cfc-40bc-986a-2579ebb549da,10/03/2022,
1,31/08/2022,E00099,4d9cce28-c4a9-4ce1-9041-8d865c88e204,03/03/2022,
1,31/08/2022,E00204,9e915159-5f9d-4e69-a6f7-f7b71049847e,11/03/2022,
1,31/08/2022,E00147,9ea220c1-fd56-419f-bf4f-e47c679d257d,30/06/2022,
1,31/08/2022,E00352,988caa70-a3f8-4913-b7dc-1c204ce1f6d1,01/06/2022,
1,31/08/2022,E01147,d3110f1f-97a7-41d8-bc0e-ebf55d283bb5,24/06/2022,
1,31/08/2022,E00815,8bed2d35-1f14-428d-bac7-8ff6c985fdef,17/06/2022,
1,31/08/2022,E00194,244368ae-899f-49e3-971b-e1f7f5f624bb,10/06/2022,
1,31/08/2022,E00525,54f099cd-ebce-474a-88f5-c2918d68d849,05/06/2022,
1,31/08/2022,E01265,3467bed0-c143-4c88-8b18-c58ce8a709a7,11/06/2022,
1,31/08/2022,E00702,1e11212c-7ec0-4916-b489-31500916e9b3,11/08/2022,
1,30/09/2022,E00143,e062c7aa-159e-4caa-be7e-e63b283ad489,24/04/2018,
1,30/09/2022,E01024,a129f770-ea7e-47aa-b561-818a9331883b,26/04/2018,
1,30/09/2022,E00819,e8c0c2f5-7772-441b-bd16-2964367257cc,10/04/2018,
1,30/09/2022,E00967,6f2b35f5-3aa5-4cda-8726-24f8b634e088,21/09/2018,
1,30/09/2022,E00531,22853c3b-3a11-45cf-930e-153b39a4d6ab,09/11/2018,
1,30/09/2022,E01482,1070a7cf-677b-4d13-ace7-3a9aec32a274,28/08/2019,
1,30/09/2022,E00139,4d202a6b-6de5-46c1-82fe-05302e08815c,29/02/2020,
1,30/09/2022,E00933,68f6d24d-a405-4cfa-92bd-e65fdd740569,15/05/2020,
1,30/09/2022,E00576,f1d80a8e-7e67-4b10-a84c-e144adc4e445,27/09/2020,
1,30/09/2022,E01154,0a29f7ca-7bb5-423f-a2ba-7749ea3300ce,05/09/2020,
1,30/09/2022,E01084,f3540d7d-963a-4bf7-aa52-5a257a94060b,06/10/2020,
1,30/09/2022,E01177,ceaa511e-3f66-4751-ab5c-3c86ab79dcaa,18/11/2020,
1,30/09/2022,E00867,a49de7a2-4ca1-4af4-b791-cfbfc2c23288,21/03/2021,
6,30/09/2022,E01077,7e04e2e7-2753-4264-afde-a6b09a2d449f,05/06/2021,
1,30/09/2022,E00078,a29ade9d-de70-4af7-bc7f-d0ee334cd370,01/04/2021,
1,30/09/2022,E00326,bee50a13-b7a7-4fbe-a23b-7f6954f3c57c,17/05/2021,
1,30/09/2022,E00152,935fa390-0c30-48bd-a2d8-067200b091dd,29/06/2021,
1,30/09/2022,E01190,58caf57d-c050-4ade-9ae0-ed4386421b07,24/07/2021,
1,30/09/2022,E00319,6fbb8537-af87-4ccc-8912-3b406b1af63f,23/07/2021,
1,30/09/2022,E01497,696722bd-4ba4-4e31-a6ca-f438a3cf7ddf,06/08/2021,
1,30/09/2022,E00291,7a5a1ecb-d478-41a5-883f-f20728d6e915,24/09/2021,
1,30/09/2022,E01052,2962b5b0-0edc-49be-a926-f97755919e5d,23/11/2021,
1,30/09/2022,E00681,105db522-031d-4465-9946-c4cb2ff59062,11/11/2021,
1,30/09/2022,E01226,41ee1c54-52ce-4cce-8165-cf55a6a995ef,13/11/2021,
1,30/09/2022,E00538,319cb76c-70dd-46b3-8662-80aec19535e3,06/11/2021,
5,30/09/2022,E00553,a2be118c-9c9f-4c52-ad25-c9acf48a2709,05/05/2022,
1,30/09/2022,E00261,61afe027-0c5a-49cb-99bf-7a472e91e27c,18/01/2022,12/09/2022
1,30/09/2022,E00628,ac69717e-adee-4cf4-aa06-b57875fdda3c,05/01/2022,
1,30/09/2022,E00955,0265d16f-d55f-429f-b57b-a44fc4c9265d,31/01/2022,
1,30/09/2022,E00694,a342e599-fbf8-4130-b368-d94feee6fc9a,27/02/2022,
1,30/09/2022,E01201,a7fd2b54-a5e1-46c6-8751-b3a6bfc9bd97,07/03/2022,
1,30/09/2022,E01042,b2a68e80-9cfc-40bc-986a-2579ebb549da,10/03/2022,
1,30/09/2022,E00099,4d9cce28-c4a9-4ce1-9041-8d865c88e204,03/03/2022,
1,30/09/2022,E00204,9e915159-5f9d-4e69-a6f7-f7b71049847e,11/03/2022,
1,30/09/2022,E00147,9ea220c1-fd56-419f-bf4f-e47c679d257d,30/06/2022,
1,30/09/2022,E00352,988caa70-a3f8-4913-b7dc-1c204ce1f6d1,01/06/2022,
1,30/09/2022,E01147,d3110f1f-97a7-41d8-bc0e-ebf55d283bb5,24/06/2022,
1,30/09/2022,E00815,8bed2d35-1f14-428d-bac7-8ff6c985fdef,17/06/2022,
1,30/09/2022,E00194,244368ae-899f-49e3-971b-e1f7f5f624bb,10/06/2022,
1,30/09/2022,E00525,54f099cd-ebce-474a-88f5-c2918d68d849,05/06/2022,
1,30/09/2022,E01265,3467bed0-c143-4c88-8b18-c58ce8a709a7,11/06/2022,
1,30/09/2022,E00702,1e11212c-7ec0-4916-b489-31500916e9b3,11/08/2022,
1,30/09/2022,E00364,c53db3c4-b0a7-4ac6-806e-86d95e4decde,10/09/2022,
1,30/09/2022,E01405,288a4ca4-696b-408a-a5c7-11843525ec9a,15/09/2022,
1,30/09/2022,E00732,33806c90-72f5-4279-b617-0fdedf2223ef,14/09/2022,
1,31/10/2022,E00143,e062c7aa-159e-4caa-be7e-e63b283ad489,24/04/2018,
1,31/10/2022,E01024,a129f770-ea7e-47aa-b561-818a9331883b,26/04/2018,
1,31/10/2022,E00819,e8c0c2f5-7772-441b-bd16-2964367257cc,10/04/2018,
1,31/10/2022,E00967,6f2b35f5-3aa5-4cda-8726-24f8b634e088,21/09/2018,
1,31/10/2022,E00531,22853c3b-3a11-45cf-930e-153b39a4d6ab,09/11/2018,
1,31/10/2022,E01482,1070a7cf-677b-4d13-ace7-3a9aec32a274,28/08/2019,
1,31/10/2022,E00139,4d202a6b-6de5-46c1-82fe-05302e08815c,29/02/2020,
1,31/10/2022,E00933,68f6d24d-a405-4cfa-92bd-e65fdd740569,15/05/2020,
1,31/10/2022,E00576,f1d80a8e-7e67-4b10-a84c-e144adc4e445,27/09/2020,
1,31/10/2022,E01154,0a29f7ca-7bb5-423f-a2ba-7749ea3300ce,05/09/2020,
1,31/10/2022,E01084,f3540d7d-963a-4bf7-aa52-5a257a94060b,06/10/2020,
1,31/10/2022,E01177,ceaa511e-3f66-4751-ab5c-3c86ab79dcaa,18/11/2020,
1,31/10/2022,E00867,a49de7a2-4ca1-4af4-b791-cfbfc2c23288,21/03/2021,
6,31/10/2022,E01077,7e04e2e7-2753-4264-afde-a6b09a2d449f,05/06/2021,
1,31/10/2022,E00078,a29ade9d-de70-4af7-bc7f-d0ee334cd370,01/04/2021,
1,31/10/2022,E00326,bee50a13-b7a7-4fbe-a23b-7f6954f3c57c,17/05/2021,
1,31/10/2022,E00152,935fa390-0c30-48bd-a2d8-067200b091dd,29/06/2021,
1,31/10/2022,E01190,58caf57d-c050-4ade-9ae0-ed4386421b07,24/07/2021,
1,31/10/2022,E00319,6fbb8537-af87-4ccc-8912-3b406b1af63f,23/07/2021,
1,31/10/2022,E01497,696722bd-4ba4-4e31-a6ca-f438a3cf7ddf,06/08/2021,
1,31/10/2022,E00291,7a5a1ecb-d478-41a5-883f-f20728d6e915,24/09/2021,
1,31/10/2022,E01052,2962b5b0-0edc-49be-a926-f97755919e5d,23/11/2021,
1,31/10/2022,E00681,105db522-031d-4465-9946-c4cb2ff59062,11/11/2021,
1,31/10/2022,E01226,41ee1c54-52ce-4cce-8165-cf55a6a995ef,13/11/2021,
1,31/10/2022,E00538,319cb76c-70dd-46b3-8662-80aec19535e3,06/11/2021,
5,31/10/2022,E00553,a2be118c-9c9f-4c52-ad25-c9acf48a2709,05/05/2022,
1,31/10/2022,E00628,ac69717e-adee-4cf4-aa06-b57875fdda3c,05/01/2022,
1,31/10/2022,E00955,0265d16f-d55f-429f-b57b-a44fc4c9265d,31/01/2022,
1,31/10/2022,E00694,a342e599-fbf8-4130-b368-d94feee6fc9a,27/02/2022,
1,31/10/2022,E01201,a7fd2b54-a5e1-46c6-8751-b3a6bfc9bd97,07/03/2022,
1,31/10/2022,E01042,b2a68e80-9cfc-40bc-986a-2579ebb549da,10/03/2022,
1,31/10/2022,E00099,4d9cce28-c4a9-4ce1-9041-8d865c88e204,03/03/2022,
1,31/10/2022,E00204,9e915159-5f9d-4e69-a6f7-f7b71049847e,11/03/2022,
1,31/10/2022,E00147,9ea220c1-fd56-419f-bf4f-e47c679d257d,30/06/2022,
1,31/10/2022,E00352,988caa70-a3f8-4913-b7dc-1c204ce1f6d1,01/06/2022,
1,31/10/2022,E01147,d3110f1f-97a7-41d8-bc0e-ebf55d283bb5,24/06/2022,
1,31/10/2022,E00815,8bed2d35-1f14-428d-bac7-8ff6c985fdef,17/06/2022,
1,31/10/2022,E00194,244368ae-899f-49e3-971b-e1f7f5f624bb,10/06/2022,24/10/2022
1,31/10/2022,E00525,54f099cd-ebce-474a-88f5-c2918d68d849,05/06/2022,
1,31/10/2022,E01265,3467bed0-c143-4c88-8b18-c58ce8a709a7,11/06/2022,
1,31/10/2022,E00702,1e11212c-7ec0-4916-b489-31500916e9b3,11/08/2022,
1,31/10/2022,E00364,c53db3c4-b0a7-4ac6-806e-86d95e4decde,10/09/2022,
1,31/10/2022,E01405,288a4ca4-696b-408a-a5c7-11843525ec9a,15/09/2022,
1,31/10/2022,E00732,33806c90-72f5-4279-b617-0fdedf2223ef,14/09/2022,
1,30/11/2022,E00143,e062c7aa-159e-4caa-be7e-e63b283ad489,24/04/2018,
1,30/11/2022,E01024,a129f770-ea7e-47aa-b561-818a9331883b,26/04/2018,
1,30/11/2022,E00819,e8c0c2f5-7772-441b-bd16-2964367257cc,10/04/2018,
1,30/11/2022,E00967,6f2b35f5-3aa5-4cda-8726-24f8b634e088,21/09/2018,
1,30/11/2022,E00531,22853c3b-3a11-45cf-930e-153b39a4d6ab,09/11/2018,
1,30/11/2022,E01482,1070a7cf-677b-4d13-ace7-3a9aec32a274,28/08/2019,
1,30/11/2022,E00139,4d202a6b-6de5-46c1-82fe-05302e08815c,29/02/2020,
1,30/11/2022,E00933,68f6d24d-a405-4cfa-92bd-e65fdd740569,15/05/2020,
1,30/11/2022,E00576,f1d80a8e-7e67-4b10-a84c-e144adc4e445,27/09/2020,
1,30/11/2022,E01154,0a29f7ca-7bb5-423f-a2ba-7749ea3300ce,05/09/2020,
1,30/11/2022,E01084,f3540d7d-963a-4bf7-aa52-5a257a94060b,06/10/2020,
1,30/11/2022,E01177,ceaa511e-3f66-4751-ab5c-3c86ab79dcaa,18/11/2020,
1,30/11/2022,E00867,a49de7a2-4ca1-4af4-b791-cfbfc2c23288,21/03/2021,
6,30/11/2022,E01077,7e04e2e7-2753-4264-afde-a6b09a2d449f,05/06/2021,
1,30/11/2022,E00078,a29ade9d-de70-4af7-bc7f-d0ee334cd370,01/04/2021,
1,30/11/2022,E00326,bee50a13-b7a7-4fbe-a23b-7f6954f3c57c,17/05/2021,
1,30/11/2022,E00152,935fa390-0c30-48bd-a2d8-067200b091dd,29/06/2021,17/11/2022
1,30/11/2022,E01190,58caf57d-c050-4ade-9ae0-ed4386421b07,24/07/2021,
1,30/11/2022,E00319,6fbb8537-af87-4ccc-8912-3b406b1af63f,23/07/2021,
1,30/11/2022,E01497,696722bd-4ba4-4e31-a6ca-f438a3cf7ddf,06/08/2021,
1,30/11/2022,E00291,7a5a1ecb-d478-41a5-883f-f20728d6e915,24/09/2021,
1,30/11/2022,E01052,2962b5b0-0edc-49be-a926-f97755919e5d,23/11/2021,
1,30/11/2022,E00681,105db522-031d-4465-9946-c4cb2ff59062,11/11/2021,
1,30/11/2022,E01226,41ee1c54-52ce-4cce-8165-cf55a6a995ef,13/11/2021,
1,30/11/2022,E00538,319cb76c-70dd-46b3-8662-80aec19535e3,06/11/2021,
5,30/11/2022,E00553,a2be118c-9c9f-4c52-ad25-c9acf48a2709,05/05/2022,
1,30/11/2022,E00628,ac69717e-adee-4cf4-aa06-b57875fdda3c,05/01/2022,
1,30/11/2022,E00955,0265d16f-d55f-429f-b57b-a44fc4c9265d,31/01/2022,
1,30/11/2022,E00694,a342e599-fbf8-4130-b368-d94feee6fc9a,27/02/2022,
1,30/11/2022,E01201,a7fd2b54-a5e1-46c6-8751-b3a6bfc9bd97,07/03/2022,
1,30/11/2022,E01042,b2a68e80-9cfc-40bc-986a-2579ebb549da,10/03/2022,
1,30/11/2022,E00099,4d9cce28-c4a9-4ce1-9041-8d865c88e204,03/03/2022,
1,30/11/2022,E00204,9e915159-5f9d-4e69-a6f7-f7b71049847e,11/03/2022,
1,30/11/2022,E00147,9ea220c1-fd56-419f-bf4f-e47c679d257d,30/06/2022,
1,30/11/2022,E00352,988caa70-a3f8-4913-b7dc-1c204ce1f6d1,01/06/2022,
1,30/11/2022,E01147,d3110f1f-97a7-41d8-bc0e-ebf55d283bb5,24/06/2022,
1,30/11/2022,E00815,8bed2d35-1f14-428d-bac7-8ff6c985fdef,17/06/2022,
1,30/11/2022,E00525,54f099cd-ebce-474a-88f5-c2918d68d849,05/06/2022,
1,30/11/2022,E01265,3467bed0-c143-4c88-8b18-c58ce8a709a7,11/06/2022,
1,30/11/2022,E00702,1e11212c-7ec0-4916-b489-31500916e9b3,11/08/2022,
1,30/11/2022,E00364,c53db3c4-b0a7-4ac6-806e-86d95e4decde,10/09/2022,
1,30/11/2022,E01405,288a4ca4-696b-408a-a5c7-11843525ec9a,15/09/2022,
1,30/11/2022,E00732,33806c90-72f5-4279-b617-0fdedf2223ef,14/09/2022,
1,30/11/2022,E00697,ec2d7927-8fea-4a64-b2d3-457d1c094ed9,20/11/2022,
1,30/11/2022,E00842,244121b7-c6cf-4aba-9971-9ac869acd6a1,19/11/2022,
1,30/11/2022,E00309,4b221963-d412-481e-b6da-b97be9e0af3f,19/11/2022,
1,30/11/2022,E00975,da2a0b79-4deb-4c53-a5f7-3ed95ffbb5b4,27/11/2022,
1,31/12/2022,E00143,e062c7aa-159e-4caa-be7e-e63b283ad489,24/04/2018,
1,31/12/2022,E01024,a129f770-ea7e-47aa-b561-818a9331883b,26/04/2018,
1,31/12/2022,E00819,e8c0c2f5-7772-441b-bd16-2964367257cc,10/04/2018,
1,31/12/2022,E00967,6f2b35f5-3aa5-4cda-8726-24f8b634e088,21/09/2018,
1,31/12/2022,E00531,22853c3b-3a11-45cf-930e-153b39a4d6ab,09/11/2018,
1,31/12/2022,E01482,1070a7cf-677b-4d13-ace7-3a9aec32a274,28/08/2019,
1,31/12/2022,E00139,4d202a6b-6de5-46c1-82fe-05302e08815c,29/02/2020,
1,31/12/2022,E00933,68f6d24d-a405-4cfa-92bd-e65fdd740569,15/05/2020,
1,31/12/2022,E00576,f1d80a8e-7e67-4b10-a84c-e144adc4e445,27/09/2020,
1,31/12/2022,E01154,0a29f7ca-7bb5-423f-a2ba-7749ea3300ce,05/09/2020,
1,31/12/2022,E01084,f3540d7d-963a-4bf7-aa52-5a257a94060b,06/10/2020,
1,31/12/2022,E01177,ceaa511e-3f66-4751-ab5c-3c86ab79dcaa,18/11/2020,
1,31/12/2022,E00867,a49de7a2-4ca1-4af4-b791-cfbfc2c23288,21/03/2021,
6,31/12/2022,E01077,7e04e2e7-2753-4264-afde-a6b09a2d449f,05/06/2021,
1,31/12/2022,E00078,a29ade9d-de70-4af7-bc7f-d0ee334cd370,01/04/2021,16/12/2022
1,31/12/2022,E00326,bee50a13-b7a7-4fbe-a23b-7f6954f3c57c,17/05/2021,
1,31/12/2022,E01190,58caf57d-c050-4ade-9ae0-ed4386421b07,24/07/2021,
1,31/12/2022,E00319,6fbb8537-af87-4ccc-8912-3b406b1af63f,23/07/2021,
1,31/12/2022,E01497,696722bd-4ba4-4e31-a6ca-f438a3cf7ddf,06/08/2021,
1,31/12/2022,E00291,7a5a1ecb-d478-41a5-883f-f20728d6e915,24/09/2021,
1,31/12/2022,E01052,2962b5b0-0edc-49be-a926-f97755919e5d,23/11/2021,
1,31/12/2022,E00681,105db522-031d-4465-9946-c4cb2ff59062,11/11/2021,
1,31/12/2022,E01226,41ee1c54-52ce-4cce-8165-cf55a6a995ef,13/11/2021,
1,31/12/2022,E00538,319cb76c-70dd-46b3-8662-80aec19535e3,06/11/2021,
5,31/12/2022,E00553,a2be118c-9c9f-4c52-ad25-c9acf48a2709,05/05/2022,
1,31/12/2022,E00628,ac69717e-adee-4cf4-aa06-b57875fdda3c,05/01/2022,
1,31/12/2022,E00955,0265d16f-d55f-429f-b57b-a44fc4c9265d,31/01/2022,
1,31/12/2022,E00694,a342e599-fbf8-4130-b368-d94feee6fc9a,27/02/2022,
1,31/12/2022,E01201,a7fd2b54-a5e1-46c6-8751-b3a6bfc9bd97,07/03/2022,
1,31/12/2022,E01042,b2a68e80-9cfc-40bc-986a-2579ebb549da,10/03/2022,
1,31/12/2022,E00099,4d9cce28-c4a9-4ce1-9041-8d865c88e204,03/03/2022,
1,31/12/2022,E00204,9e915159-5f9d-4e69-a6f7-f7b71049847e,11/03/2022,
1,31/12/2022,E00147,9ea220c1-fd56-419f-bf4f-e47c679d257d,30/06/2022,
1,31/12/2022,E00352,988caa70-a3f8-4913-b7dc-1c204ce1f6d1,01/06/2022,
1,31/12/2022,E01147,d3110f1f-97a7-41d8-bc0e-ebf55d283bb5,24/06/2022,17/12/2022
1,31/12/2022,E00815,8bed2d35-1f14-428d-bac7-8ff6c985fdef,17/06/2022,
1,31/12/2022,E00525,54f099cd-ebce-474a-88f5-c2918d68d849,05/06/2022,
1,31/12/2022,E01265,3467bed0-c143-4c88-8b18-c58ce8a709a7,11/06/2022,
1,31/12/2022,E00702,1e11212c-7ec0-4916-b489-31500916e9b3,11/08/2022,
1,31/12/2022,E00364,c53db3c4-b0a7-4ac6-806e-86d95e4decde,10/09/2022,
1,31/12/2022,E01405,288a4ca4-696b-408a-a5c7-11843525ec9a,15/09/2022,
1,31/12/2022,E00732,33806c90-72f5-4279-b617-0fdedf2223ef,14/09/2022,
1,31/12/2022,E00697,ec2d7927-8fea-4a64-b2d3-457d1c094ed9,20/11/2022,
1,31/12/2022,E00842,244121b7-c6cf-4aba-9971-9ac869acd6a1,19/11/2022,
1,31/12/2022,E00309,4b221963-d412-481e-b6da-b97be9e0af3f,19/11/2022,
1,31/12/2022,E00975,da2a0b79-4deb-4c53-a5f7-3ed95ffbb5b4,27/11/2022,
1,31/01/2023,E00143,e062c7aa-159e-4caa-be7e-e63b283ad489,24/04/2018,
1,31/01/2023,E01024,a129f770-ea7e-47aa-b561-818a9331883b,26/04/2018,
1,31/01/2023,E00819,e8c0c2f5-7772-441b-bd16-2964367257cc,10/04/2018,
1,31/01/2023,E00967,6f2b35f5-3aa5-4cda-8726-24f8b634e088,21/09/2018,
1,31/01/2023,E00531,22853c3b-3a11-45cf-930e-153b39a4d6ab,09/11/2018,
1,31/01/2023,E01482,1070a7cf-677b-4d13-ace7-3a9aec32a274,28/08/2019,27/01/2023
1,31/01/2023,E00139,4d202a6b-6de5-46c1-82fe-05302e08815c,29/02/2020,21/01/2023
1,31/01/2023,E00933,68f6d24d-a405-4cfa-92bd-e65fdd740569,15/05/2020,
1,31/01/2023,E00576,f1d80a8e-7e67-4b10-a84c-e144adc4e445,27/09/2020,
1,31/01/2023,E01154,0a29f7ca-7bb5-423f-a2ba-7749ea3300ce,05/09/2020,
1,31/01/2023,E01084,f3540d7d-963a-4bf7-aa52-5a257a94060b,06/10/2020,
1,31/01/2023,E01177,ceaa511e-3f66-4751-ab5c-3c86ab79dcaa,18/11/2020,
1,31/01/2023,E00867,a49de7a2-4ca1-4af4-b791-cfbfc2c23288,21/03/2021,
6,31/01/2023,E01077,7e04e2e7-2753-4264-afde-a6b09a2d449f,05/06/2021,
1,31/01/2023,E00326,bee50a13-b7a7-4fbe-a23b-7f6954f3c57c,17/05/2021,
1,31/01/2023,E01190,58caf57d-c050-4ade-9ae0-ed4386421b07,24/07/2021,
1,31/01/2023,E00319,6fbb8537-af87-4ccc-8912-3b406b1af63f,23/07/2021,
1,31/01/2023,E01497,696722bd-4ba4-4e31-a6ca-f438a3cf7ddf,06/08/2021,
1,31/01/2023,E00291,7a5a1ecb-d478-41a5-883f-f20728d6e915,24/09/2021,
1,31/01/2023,E01052,2962b5b0-0edc-49be-a926-f97755919e5d,23/11/2021,
1,31/01/2023,E00681,105db522-031d-4465-9946-c4cb2ff59062,11/11/2021,
1,31/01/2023,E01226,41ee1c54-52ce-4cce-8165-cf55a6a995ef,13/11/2021,
1,31/01/2023,E00538,319cb76c-70dd-46b3-8662-80aec19535e3,06/11/2021,
5,31/01/2023,E00553,a2be118c-9c9f-4c52-ad25-c9acf48a2709,05/05/2022,
1,31/01/2023,E00628,ac69717e-adee-4cf4-aa06-b57875fdda3c,05/01/2022,
1,31/01/2023,E00955,0265d16f-d55f-429f-b57b-a44fc4c9265d,31/01/2022,15/01/2023
1,31/01/2023,E00694,a342e599-fbf8-4130-b368-d94feee6fc9a,27/02/2022,
1,31/01/2023,E01201,a7fd2b54-a5e1-46c6-8751-b3a6bfc9bd97,07/03/2022,
1,31/01/2023,E01042,b2a68e80-9cfc-40bc-986a-2579ebb549da,10/03/2022,
1,31/01/2023,E00099,4d9cce28-c4a9-4ce1-9041-8d865c88e204,03/03/2022,
1,31/01/2023,E00204,9e915159-5f9d-4e69-a6f7-f7b71049847e,11/03/2022,
1,31/01/2023,E00147,9ea220c1-fd56-419f-bf4f-e47c679d257d,30/06/2022,
1,31/01/2023,E00352,988caa70-a3f8-4913-b7dc-1c204ce1f6d1,01/06/2022,
1,31/01/2023,E00815,8bed2d35-1f14-428d-bac7-8ff6c985fdef,17/06/2022,
1,31/01/2023,E00525,54f099cd-ebce-474a-88f5-c2918d68d849,05/06/2022,
1,31/01/2023,E01265,3467bed0-c143-4c88-8b18-c58ce8a709a7,11/06/2022,
1,31/01/2023,E00702,1e11212c-7ec0-4916-b489-31500916e9b3,11/08/2022,
1,31/01/2023,E00364,c53db3c4-b0a7-4ac6-806e-86d95e4decde,10/09/2022,
1,31/01/2023,E01405,288a4ca4-696b-408a-a5c7-11843525ec9a,15/09/2022,
1,31/01/2023,E00732,33806c90-72f5-4279-b617-0fdedf2223ef,14/09/2022,
1,31/01/2023,E00697,ec2d7927-8fea-4a64-b2d3-457d1c094ed9,20/11/2022,
1,31/01/2023,E00842,244121b7-c6cf-4aba-9971-9ac869acd6a1,19/11/2022,
1,31/01/2023,E00309,4b221963-d412-481e-b6da-b97be9e0af3f,19/11/2022,
1,31/01/2023,E00975,da2a0b79-4deb-4c53-a5f7-3ed95ffbb5b4,27/11/2022,
1,28/02/2023,E00143,e062c7aa-159e-4caa-be7e-e63b283ad489,24/04/2018,
1,28/02/2023,E01024,a129f770-ea7e-47aa-b561-818a9331883b,26/04/2018,
1,28/02/2023,E00819,e8c0c2f5-7772-441b-bd16-2964367257cc,10/04/2018,
1,28/02/2023,E00967,6f2b35f5-3aa5-4cda-8726-24f8b634e088,21/09/2018,
1,28/02/2023,E00531,22853c3b-3a11-45cf-930e-153b39a4d6ab,09/11/2018,
1,28/02/2023,E00933,68f6d24d-a405-4cfa-92bd-e65fdd740569,15/05/2020,
1,28/02/2023,E00576,f1d80a8e-7e67-4b10-a84c-e144adc4e445,27/09/2020,
1,28/02/2023,E01154,0a29f7ca-7bb5-423f-a2ba-7749ea3300ce,05/09/2020,
1,28/02/2023,E01084,f3540d7d-963a-4bf7-aa52-5a257a94060b,06/10/2020,
1,28/02/2023,E01177,ceaa511e-3f66-4751-ab5c-3c86ab79dcaa,18/11/2020,
1,28/02/2023,E00867,a49de7a2-4ca1-4af4-b791-cfbfc2c23288,21/03/2021,
6,28/02/2023,E01077,7e04e2e7-2753-4264-afde-a6b09a2d449f,05/06/2021,
1,28/02/2023,E00326,bee50a13-b7a7-4fbe-a23b-7f6954f3c57c,17/05/2021,
1,28/02/2023,E01190,58caf57d-c050-4ade-9ae0-ed4386421b07,24/07/2021,
1,28/02/2023,E00319,6fbb8537-af87-4ccc-8912-3b406b1af63f,23/07/2021,
1,28/02/2023,E01497,696722bd-4ba4-4e31-a6ca-f438a3cf7ddf,06/08/2021,
1,28/02/2023,E00291,7a5a1ecb-d478-41a5-883f-f20728d6e915,24/09/2021,
1,28/02/2023,E01052,2962b5b0-0edc-49be-a926-f97755919e5d,23/11/2021,
1,28/02/2023,E00681,105db522-031d-4465-9946-c4cb2ff59062,11/11/2021,
1,28/02/2023,E01226,41ee1c54-52ce-4cce-8165-cf55a6a995ef,13/11/2021,
1,28/02/2023,E00538,319cb76c-70dd-46b3-8662-80aec19535e3,06/11/2021,
5,28/02/2023,E00553,a2be118c-9c9f-4c52-ad25-c9acf48a2709,05/05/2022,
1,28/02/2023,E00628,ac69717e-adee-4cf4-aa06-b57875fdda3c,05/01/2022,
1,28/02/2023,E00694,a342e599-fbf8-4130-b368-d94feee6fc9a,27/02/2022,
1,28/02/2023,E01201,a7fd2b54-a5e1-46c6-8751-b3a6bfc9bd97,07/03/2022,
1,28/02/2023,E01042,b2a68e80-9cfc-40bc-986a-2579ebb549da,10/03/2022,
1,28/02/2023,E00099,4d9cce28-c4a9-4ce1-9041-8d865c88e204,03/03/2022,
1,28/02/2023,E00204,9e915159-5f9d-4e69-a6f7-f7b71049847e,11/03/2022,
1,28/02/2023,E00147,9ea220c1-fd56-419f-bf4f-e47c679d257d,30/06/2022,
1,28/02/2023,E00352,988caa70-a3f8-4913-b7dc-1c204ce1f6d1,01/06/2022,
1,28/02/2023,E00815,8bed2d35-1f14-428d-bac7-8ff6c985fdef,17/06/2022,
1,28/02/2023,E00525,54f099cd-ebce-474a-88f5-c2918d68d849,05/06/2022,
1,28/02/2023,E01265,3467bed0-c143-4c88-8b18-c58ce8a709a7,11/06/2022,25/02/2023
1,28/02/2023,E00702,1e11212c-7ec0-4916-b489-31500916e9b3,11/08/2022,
1,28/02/2023,E00364,c53db3c4-b0a7-4ac6-806e-86d95e4decde,10/09/2022,
1,28/02/2023,E01405,288a4ca4-696b-408a-a5c7-11843525ec9a,15/09/2022,
1,28/02/2023,E00732,33806c90-72f5-4279-b617-0fdedf2223ef,14/09/2022,
1,28/02/2023,E00697,ec2d7927-8fea-4a64-b2d3-457d1c094ed9,20/11/2022,13/02/2023
1,28/02/2023,E00842,244121b7-c6cf-4aba-9971-9ac869acd6a1,19/11/2022,
1,28/02/2023,E00309,4b221963-d412-481e-b6da-b97be9e0af3f,19/11/2022,
1,28/02/2023,E00975,da2a0b79-4deb-4c53-a5f7-3ed95ffbb5b4,27/11/2022,
1,28/02/2023,E00563,f34a645b-73da-4acf-a5ee-9abc83af1a13,04/02/2023,
1,28/02/2023,E00804,caca7499-f6e2-495a-b6df-6621426df4aa,09/02/2023,
1,28/02/2023,E00654,057de870-d2e3-4b69-b76d-5216e6de8af8,15/02/2023,
1,31/03/2023,E00143,e062c7aa-159e-4caa-be7e-e63b283ad489,24/04/2018,
1,31/03/2023,E01024,a129f770-ea7e-47aa-b561-818a9331883b,26/04/2018,
1,31/03/2023,E00819,e8c0c2f5-7772-441b-bd16-2964367257cc,10/04/2018,
1,31/03/2023,E00967,6f2b35f5-3aa5-4cda-8726-24f8b634e088,21/09/2018,
1,31/03/2023,E00531,22853c3b-3a11-45cf-930e-153b39a4d6ab,09/11/2018,04/03/2023
1,31/03/2023,E00933,68f6d24d-a405-4cfa-92bd-e65fdd740569,15/05/2020,
1,31/03/2023,E00576,f1d80a8e-7e67-4b10-a84c-e144adc4e445,27/09/2020,
1,31/03/2023,E01154,0a29f7ca-7bb5-423f-a2ba-7749ea3300ce,05/09/2020,
1,31/03/2023,E01084,f3540d7d-963a-4bf7-aa52-5a257a94060b,06/10/2020,
1,31/03/2023,E01177,ceaa511e-3f66-4751-ab5c-3c86ab79dcaa,18/11/2020,
1,31/03/2023,E00867,a49de7a2-4ca1-4af4-b791-cfbfc2c23288,21/03/2021,
6,31/03/2023,E01077,7e04e2e7-2753-4264-afde-a6b09a2d449f,05/06/2021,
1,31/03/2023,E00326,bee50a13-b7a7-4fbe-a23b-7f6954f3c57c,17/05/2021,
1,31/03/2023,E01190,58caf57d-c050-4ade-9ae0-ed4386421b07,24/07/2021,
1,31/03/2023,E00319,6fbb8537-af87-4ccc-8912-3b406b1af63f,23/07/2021,
1,31/03/2023,E01497,696722bd-4ba4-4e31-a6ca-f438a3cf7ddf,06/08/2021,
1,31/03/2023,E00291,7a5a1ecb-d478-41a5-883f-f20728d6e915,24/09/2021,
1,31/03/2023,E01052,2962b5b0-0edc-49be-a926-f97755919e5d,23/11/2021,
1,31/03/2023,E00681,105db522-031d-4465-9946-c4cb2ff59062,11/11/2021,29/03/2023
1,31/03/2023,E01226,41ee1c54-52ce-4cce-8165-cf55a6a995ef,13/11/2021,
1,31/03/2023,E00538,319cb76c-70dd-46b3-8662-80aec19535e3,06/11/2021,31/03/2023
5,31/03/2023,E00553,a2be118c-9c9f-4c52-ad25-c9acf48a2709,05/05/2022,
1,31/03/2023,E00628,ac69717e-adee-4cf4-aa06-b57875fdda3c,05/01/2022,
1,31/03/2023,E00694,a342e599-fbf8-4130-b368-d94feee6fc9a,27/02/2022,
1,31/03/2023,E01201,a7fd2b54-a5e1-46c6-8751-b3a6bfc9bd97,07/03/2022,
1,31/03/2023,E01042,b2a68e80-9cfc-40bc-986a-2579ebb549da,10/03/2022,11/03/2023
1,31/03/2023,E00099,4d9cce28-c4a9-4ce1-9041-8d865c88e204,03/03/2022,08/03/2023
1,31/03/2023,E00204,9e915159-5f9d-4e69-a6f7-f7b71049847e,11/03/2022,26/03/2023
1,31/03/2023,E00147,9ea220c1-fd56-419f-bf4f-e47c679d257d,30/06/2022,
1,31/03/2023,E00352,988caa70-a3f8-4913-b7dc-1c204ce1f6d1,01/06/2022,
1,31/03/2023,E00815,8bed2d35-1f14-428d-bac7-8ff6c985fdef,17/06/2022,27/03/2023
1,31/03/2023,E00525,54f099cd-ebce-474a-88f5-c2918d68d849,05/06/2022,
3,31/03/2023,E01265,3467bed0-c143-4c88-8b18-c58ce8a709a7,06/03/2023,
1,31/03/2023,E00702,1e11212c-7ec0-4916-b489-31500916e9b3,11/08/2022,
1,31/03/2023,E00364,c53db3c4-b0a7-4ac6-806e-86d95e4decde,10/09/2022,
1,31/03/2023,E01405,288a4ca4-696b-408a-a5c7-11843525ec9a,15/09/2022,
1,31/03/2023,E00732,33806c90-72f5-4279-b617-0fdedf2223ef,14/09/2022,
1,31/03/2023,E00842,244121b7-c6cf-4aba-9971-9ac869acd6a1,19/11/2022,26/03/2023
1,31/03/2023,E00309,4b221963-d412-481e-b6da-b97be9e0af3f,19/11/2022,
1,31/03/2023,E00975,da2a0b79-4deb-4c53-a5f7-3ed95ffbb5b4,27/11/2022,
1,31/03/2023,E00563,f34a645b-73da-4acf-a5ee-9abc83af1a13,04/02/2023,
1,31/03/2023,E00804,caca7499-f6e2-495a-b6df-6621426df4aa,09/02/2023,
1,31/03/2023,E00654,057de870-d2e3-4b69-b76d-5216e6de8af8,15/02/2023,
1,30/04/2023,E00143,e062c7aa-159e-4caa-be7e-e63b283ad489,24/04/2018,
1,30/04/2023,E01024,a129f770-ea7e-47aa-b561-818a9331883b,26/04/2018,
1,30/04/2023,E00819,e8c0c2f5-7772-441b-bd16-2964367257cc,10/04/2018,
1,30/04/2023,E00967,6f2b35f5-3aa5-4cda-8726-24f8b634e088,21/09/2018,
1,30/04/2023,E00933,68f6d24d-a405-4cfa-92bd-e65fdd740569,15/05/2020,
1,30/04/2023,E00576,f1d80a8e-7e67-4b10-a84c-e144adc4e445,27/09/2020,
1,30/04/2023,E01154,0a29f7ca-7bb5-423f-a2ba-7749ea3300ce,05/09/2020,
1,30/04/2023,E01084,f3540d7d-963a-4bf7-aa52-5a257a94060b,06/10/2020,
1,30/04/2023,E01177,ceaa511e-3f66-4751-ab5c-3c86ab79dcaa,18/11/2020,
1,30/04/2023,E00867,a49de7a2-4ca1-4af4-b791-cfbfc2c23288,21/03/2021,
6,30/04/2023,E01077,7e04e2e7-2753-4264-afde-a6b09a2d449f,05/06/2021,
1,30/04/2023,E00326,bee50a13-b7a7-4fbe-a23b-7f6954f3c57c,17/05/2021,
1,30/04/2023,E01190,58caf57d-c050-4ade-9ae0-ed4386421b07,24/07/2021,
1,30/04/2023,E00319,6fbb8537-af87-4ccc-8912-3b406b1af63f,23/07/2021,
1,30/04/2023,E01497,696722bd-4ba4-4e31-a6ca-f438a3cf7ddf,06/08/2021,
1,30/04/2023,E00291,7a5a1ecb-d478-41a5-883f-f20728d6e915,24/09/2021,
1,30/04/2023,E01052,2962b5b0-0edc-49be-a926-f97755919e5d,23/11/2021,
1,30/04/2023,E01226,41ee1c54-52ce-4cce-8165-cf55a6a995ef,13/11/2021,
5,30/04/2023,E00553,a2be118c-9c9f-4c52-ad25-c9acf48a2709,05/05/2022,
1,30/04/2023,E00628,ac69717e-adee-4cf4-aa06-b57875fdda3c,05/01/2022,
1,30/04/2023,E00694,a342e599-fbf8-4130-b368-d94feee6fc9a,27/02/2022,
1,30/04/2023,E01201,a7fd2b54-a5e1-46c6-8751-b3a6bfc9bd97,07/03/2022,
1,30/04/2023,E00147,9ea220c1-fd56-419f-bf4f-e47c679d257d,30/06/2022,
1,30/04/2023,E00352,988caa70-a3f8-4913-b7dc-1c204ce1f6d1,01/06/2022,
1,30/04/2023,E00525,54f099cd-ebce-474a-88f5-c2918d68d849,05/06/2022,
3,30/04/2023,E01265,3467bed0-c143-4c88-8b18-c58ce8a709a7,06/03/2023,
1,30/04/2023,E00702,1e11212c-7ec0-4916-b489-31500916e9b3,11/08/2022,
1,30/04/2023,E00364,c53db3c4-b0a7-4ac6-806e-86d95e4decde,10/09/2022,
1,30/04/2023,E01405,288a4ca4-696b-408a-a5c7-11843525ec9a,15/09/2022,
1,30/04/2023,E00732,33806c90-72f5-4279-b617-0fdedf2223ef,14/09/2022,
1,30/04/2023,E00309,4b221963-d412-481e-b6da-b97be9e0af3f,19/11/2022,
1,30/04/2023,E00975,da2a0b79-4deb-4c53-a5f7-3ed95ffbb5b4,27/11/2022,29/04/2023
1,30/04/2023,E00563,f34a645b-73da-4acf-a5ee-9abc83af1a13,04/02/2023,
1,30/04/2023,E00804,caca7499-f6e2-495a-b6df-6621426df4aa,09/02/2023,
1,30/04/2023,E00654,057de870-d2e3-4b69-b76d-5216e6de8af8,15/02/2023,
1,31/05/2023,E00143,e062c7aa-159e-4caa-be7e-e63b283ad489,24/04/2018,
1,31/05/2023,E01024,a129f770-ea7e-47aa-b561-818a9331883b,26/04/2018,
1,31/05/2023,E00819,e8c0c2f5-7772-441b-bd16-2964367257cc,10/04/2018,
1,31/05/2023,E00967,6f2b35f5-3aa5-4cda-8726-24f8b634e088,21/09/2018,
1,31/05/2023,E00933,68f6d24d-a405-4cfa-92bd-e65fdd740569,15/05/2020,
1,31/05/2023,E00576,f1d80a8e-7e67-4b10-a84c-e144adc4e445,27/09/2020,
1,31/05/2023,E01154,0a29f7ca-7bb5-423f-a2ba-7749ea3300ce,05/09/2020,
1,31/05/2023,E01084,f3540d7d-963a-4bf7-aa52-5a257a94060b,06/10/2020,
1,31/05/2023,E01177,ceaa511e-3f66-4751-ab5c-3c86ab79dcaa,18/11/2020,
1,31/05/2023,E00867,a49de7a2-4ca1-4af4-b791-cfbfc2c23288,21/03/2021,
6,31/05/2023,E01077,7e04e2e7-2753-4264-afde-a6b09a2d449f,05/06/2021,
1,31/05/2023,E00326,bee50a13-b7a7-4fbe-a23b-7f6954f3c57c,17/05/2021,
1,31/05/2023,E01190,58caf57d-c050-4ade-9ae0-ed4386421b07,24/07/2021,
1,31/05/2023,E00319,6fbb8537-af87-4ccc-8912-3b406b1af63f,23/07/2021,
1,31/05/2023,E01497,696722bd-4ba4-4e31-a6ca-f438a3cf7ddf,06/08/2021,
1,31/05/2023,E00291,7a5a1ecb-d478-41a5-883f-f20728d6e915,24/09/2021,
1,31/05/2023,E01052,2962b5b0-0edc-49be-a926-f97755919e5d,23/11/2021,
1,31/05/2023,E01226,41ee1c54-52ce-4cce-8165-cf55a6a995ef,13/11/2021,
5,31/05/2023,E00553,a2be118c-9c9f-4c52-ad25-c9acf48a2709,05/05/2022,
1,31/05/2023,E00628,ac69717e-adee-4cf4-aa06-b57875fdda3c,05/01/2022,
1,31/05/2023,E00694,a342e599-fbf8-4130-b368-d94feee6fc9a,27/02/2022,
1,31/05/2023,E01201,a7fd2b54-a5e1-46c6-8751-b3a6bfc9bd97,07/03/2022,
1,31/05/2023,E00147,9ea220c1-fd56-419f-bf4f-e47c679d257d,30/06/2022,
1,31/05/2023,E00352,988caa70-a3f8-4913-b7dc-1c204ce1f6d1,01/06/2022,
1,31/05/2023,E00525,54f099cd-ebce-474a-88f5-c2918d68d849,05/06/2022,
3,31/05/2023,E01265,3467bed0-c143-4c88-8b18-c58ce8a709a7,06/03/2023,
1,31/05/2023,E00702,1e11212c-7ec0-4916-b489-31500916e9b3,11/08/2022,
1,31/05/2023,E00364,c53db3c4-b0a7-4ac6-806e-86d95e4decde,10/09/2022,
1,31/05/2023,E01405,288a4ca4-696b-408a-a5c7-11843525ec9a,15/09/2022,02/05/2023
1,31/05/2023,E00732,33806c90-72f5-4279-b617-0fdedf2223ef,14/09/2022,
1,31/05/2023,E00309,4b221963-d412-481e-b6da-b97be9e0af3f,19/11/2022,
1,31/05/2023,E00563,f34a645b-73da-4acf-a5ee-9abc83af1a13,04/02/2023,
1,31/05/2023,E00804,caca7499-f6e2-495a-b6df-6621426df4aa,09/02/2023,
1,31/05/2023,E00654,057de870-d2e3-4b69-b76d-5216e6de8af8,15/02/2023,
1,31/05/2023,E00120,5b3fc0ab-7eb4-4605-b673-e0602ec76e96,07/05/2023,
1,31/05/2023,E00669,ec3d7f94-9d58-41d0-88d3-011360b86d9b,16/05/2023,
1,31/05/2023,E00621,378edf0c-f309-400d-a640-b0727efcb9c3,12/05/2023,
1,31/05/2023,E00588,20c8440f-f2d2-426e-b48d-943b35e10f22,05/05/2023,
1,30/06/2023,E00143,e062c7aa-159e-4caa-be7e-e63b283ad489,24/04/2018,
1,30/06/2023,E01024,a129f770-ea7e-47aa-b561-818a9331883b,26/04/2018,
1,30/06/2023,E00819,e8c0c2f5-7772-441b-bd16-2964367257cc,10/04/2018,
1,30/06/2023,E00967,6f2b35f5-3aa5-4cda-8726-24f8b634e088,21/09/2018,
1,30/06/2023,E00933,68f6d24d-a405-4cfa-92bd-e65fdd740569,15/05/2020,
1,30/06/2023,E00576,f1d80a8e-7e67-4b10-a84c-e144adc4e445,27/09/2020,
1,30/06/2023,E01154,0a29f7ca-7bb5-423f-a2ba-7749ea3300ce,05/09/2020,
1,30/06/2023,E01084,f3540d7d-963a-4bf7-aa52-5a257a94060b,06/10/2020,
1,30/06/2023,E01177,ceaa511e-3f66-4751-ab5c-3c86ab79dcaa,18/11/2020,
1,30/06/2023,E00867,a49de7a2-4ca1-4af4-b791-cfbfc2c23288,21/03/2021,
6,30/06/2023,E01077,7e04e2e7-2753-4264-afde-a6b09a2d449f,05/06/2021,
1,30/06/2023,E00326,bee50a13-b7a7-4fbe-a23b-7f6954f3c57c,17/05/2021,
1,30/06/2023,E01190,58caf57d-c050-4ade-9ae0-ed4386421b07,24/07/2021,
1,30/06/2023,E00319,6fbb8537-af87-4ccc-8912-3b406b1af63f,23/07/2021,
1,30/06/2023,E01497,696722bd-4ba4-4e31-a6ca-f438a3cf7ddf,06/08/2021,
1,30/06/2023,E00291,7a5a1ecb-d478-41a5-883f-f20728d6e915,24/09/2021,
1,30/06/2023,E01052,2962b5b0-0edc-49be-a926-f97755919e5d,23/11/2021,
1,30/06/2023,E01226,41ee1c54-52ce-4cce-8165-cf55a6a995ef,13/11/2021,
5,30/06/2023,E00553,a2be118c-9c9f-4c52-ad25-c9acf48a2709,05/05/2022,
1,30/06/2023,E00628,ac69717e-adee-4cf4-aa06-b57875fdda3c,05/01/2022,
1,30/06/2023,E00694,a342e599-fbf8-4130-b368-d94feee6fc9a,27/02/2022,
1,30/06/2023,E01201,a7fd2b54-a5e1-46c6-8751-b3a6bfc9bd97,07/03/2022,
1,30/06/2023,E00147,9ea220c1-fd56-419f-bf4f-e47c679d257d,30/06/2022,
1,30/06/2023,E00352,988caa70-a3f8-4913-b7dc-1c204ce1f6d1,01/06/2022,
1,30/06/2023,E00525,54f099cd-ebce-474a-88f5-c2918d68d849,05/06/2022,
3,30/06/2023,E01265,3467bed0-c143-4c88-8b18-c58ce8a709a7,06/03/2023,
1,30/06/2023,E00702,1e11212c-7ec0-4916-b489-31500916e9b3,11/08/2022,
1,30/06/2023,E00364,c53db3c4-b0a7-4ac6-806e-86d95e4decde,10/09/2022,
1,30/06/2023,E00732,33806c90-72f5-4279-b617-0fdedf2223ef,14/09/2022,
1,30/06/2023,E00309,4b221963-d412-481e-b6da-b97be9e0af3f,19/11/2022,03/06/2023
1,30/06/2023,E00563,f34a645b-73da-4acf-a5ee-9abc83af1a13,04/02/2023,
1,30/06/2023,E00804,caca7499-f6e2-495a-b6df-6621426df4aa,09/02/2023,
1,30/06/2023,E00654,057de870-d2e3-4b69-b76d-5216e6de8af8,15/02/2023,
1,30/06/2023,E00120,5b3fc0ab-7eb4-4605-b673-e0602ec76e96,07/05/2023,
1,30/06/2023,E00669,ec3d7f94-9d58-41d0-88d3-011360b86d9b,16/05/2023,
1,30/06/2023,E00621,378edf0c-f309-400d-a640-b0727efcb9c3,12/05/2023,
1,30/06/2023,E00588,20c8440f-f2d2-426e-b48d-943b35e10f22,05/05/2023,
1,30/06/2023,E00125,308171f0-f8f3-4cdb-b578-369920970f64,26/06/2023,
1,30/06/2023,E00466,4a487f10-49a9-415a-af56-5901e762223e,20/06/2023,
1,30/06/2023,E00912,5a76e1b2-1fc6-4ed7-9c80-8df2764e9ecb,16/06/2023,
1,30/06/2023,E01507,c10a2497-f13b-4161-a0b9-1c6cfcdeb0df,30/06/2023,
1,30/06/2023,E01219,32a83276-1825-4684-aa13-83b0d5855e0f,12/06/2023,
1,30/06/2023,E00076,495741df-5fd2-42bc-96fb-0b2cbab72a58,22/06/2023,
2,31/08/2018,E01412,d5f72fdb-c7f4-42cd-93f4-d2d3a4895309,29/08/2018,
2,31/08/2018,E00424,ab6f1416-9a82-4104-9dab-dea2fed5b0eb,10/08/2018,
2,31/08/2018,E00254,72cfee37-b3fa-4e53-b4d1-c31714a77ed7,03/08/2018,
2,31/08/2018,E01187,3aaeeb4f-9872-4c99-854f-e4db2e255e9a,18/08/2018,
2,31/08/2018,E00216,ad1a4d6d-1c97-4c06-8bf3-ecebe1b94073,17/08/2018,
2,31/08/2018,E01296,68d0d505-bc59-41fa-bb71-54dc10335782,11/08/2018,
2,31/08/2018,E00709,63f44b1a-e6c8-4b8c-b78e-b38a7fa9e8d3,22/08/2018,
2,31/08/2018,E00688,06cdf58d-254b-4898-935b-cf5fdd44f802,20/08/2018,
2,31/08/2018,E00521,3fd9691b-c2dc-4301-991a-4275948de2c7,01/08/2018,
2,31/08/2018,E01402,e43c6893-6da8-4918-96b9-19ae6ede47ac,19/08/2018,
2,31/08/2018,E01167,0cd856ec-6147-4ea1-8f9c-d51e9d65185d,14/08/2018,
2,30/09/2018,E01412,d5f72fdb-c7f4-42cd-93f4-d2d3a4895309,29/08/2018,
2,30/09/2018,E00424,ab6f1416-9a82-4104-9dab-dea2fed5b0eb,10/08/2018,
2,30/09/2018,E00254,72cfee37-b3fa-4e53-b4d1-c31714a77ed7,03/08/2018,
2,30/09/2018,E01187,3aaeeb4f-9872-4c99-854f-e4db2e255e9a,18/08/2018,
2,30/09/2018,E00216,ad1a4d6d-1c97-4c06-8bf3-ecebe1b94073,17/08/2018,
2,30/09/2018,E01296,68d0d505-bc59-41fa-bb71-54dc10335782,11/08/2018,
2,30/09/2018,E00709,63f44b1a-e6c8-4b8c-b78e-b38a7fa9e8d3,22/08/2018,
2,30/09/2018,E00688,06cdf58d-254b-4898-935b-cf5fdd44f802,20/08/2018,
2,30/09/2018,E00521,3fd9691b-c2dc-4301-991a-4275948de2c7,01/08/2018,
2,30/09/2018,E01402,e43c6893-6da8-4918-96b9-19ae6ede47ac,19/08/2018,
2,30/09/2018,E01167,0cd856ec-6147-4ea1-8f9c-d51e9d65185d,14/08/2018,
2,31/10/2018,E01412,d5f72fdb-c7f4-42cd-93f4-d2d3a4895309,29/08/2018,
2,31/10/2018,E00424,ab6f1416-9a82-4104-9dab-dea2fed5b0eb,10/08/2018,
2,31/10/2018,E00254,72cfee37-b3fa-4e53-b4d1-c31714a77ed7,03/08/2018,
2,31/10/2018,E01187,3aaeeb4f-9872-4c99-854f-e4db2e255e9a,18/08/2018,
2,31/10/2018,E00216,ad1a4d6d-1c97-4c06-8bf3-ecebe1b94073,17/08/2018,
2,31/10/2018,E01296,68d0d505-bc59-41fa-bb71-54dc10335782,11/08/2018,
2,31/10/2018,E00709,63f44b1a-e6c8-4b8c-b78e-b38a7fa9e8d3,22/08/2018,
2,31/10/2018,E00688,06cdf58d-254b-4898-935b-cf5fdd44f802,20/08/2018,
2,31/10/2018,E00521,3fd9691b-c2dc-4301-991a-4275948de2c7,01/08/2018,
2,31/10/2018,E01402,e43c6893-6da8-4918-96b9-19ae6ede47ac,19/08/2018,
2,31/10/2018,E01167,0cd856ec-6147-4ea1-8f9c-d51e9d65185d,14/08/2018,
2,30/11/2018,E01412,d5f72fdb-c7f4-42cd-93f4-d2d3a4895309,29/08/2018,
2,30/11/2018,E00424,ab6f1416-9a82-4104-9dab-dea2fed5b0eb,10/08/2018,
2,30/11/2018,E00254,72cfee37-b3fa-4e53-b4d1-c31714a77ed7,03/08/2018,
2,30/11/2018,E01187,3aaeeb4f-9872-4c99-854f-e4db2e255e9a,18/08/2018,
2,30/11/2018,E00216,ad1a4d6d-1c97-4c06-8bf3-ecebe1b94073,17/08/2018,
2,30/11/2018,E01296,68d0d505-bc59-41fa-bb71-54dc10335782,11/08/2018,
2,30/11/2018,E00709,63f44b1a-e6c8-4b8c-b78e-b38a7fa9e8d3,22/08/2018,
2,30/11/2018,E00688,06cdf58d-254b-4898-935b-cf5fdd44f802,20/08/2018,
2,30/11/2018,E00521,3fd9691b-c2dc-4301-991a-4275948de2c7,01/08/2018,
2,30/11/2018,E01402,e43c6893-6da8-4918-96b9-19ae6ede47ac,19/08/2018,
2,30/11/2018,E01167,0cd856ec-6147-4ea1-8f9c-d51e9d65185d,14/08/2018,
2,31/12/2018,E01412,d5f72fdb-c7f4-42cd-93f4-d2d3a4895309,29/08/2018,
2,31/12/2018,E00424,ab6f1416-9a82-4104-9dab-dea2fed5b0eb,10/08/2018,
2,31/12/2018,E00254,72cfee37-b3fa-4e53-b4d1-c31714a77ed7,03/08/2018,
2,31/12/2018,E01187,3aaeeb4f-9872-4c99-854f-e4db2e255e9a,18/08/2018,
2,31/12/2018,E00216,ad1a4d6d-1c97-4c06-8bf3-ecebe1b94073,17/08/2018,
2,31/12/2018,E01296,68d0d505-bc59-41fa-bb71-54dc10335782,11/08/2018,
2,31/12/2018,E00709,63f44b1a-e6c8-4b8c-b78e-b38a7fa9e8d3,22/08/2018,
2,31/12/2018,E00688,06cdf58d-254b-4898-935b-cf5fdd44f802,20/08/2018,
2,31/12/2018,E00521,3fd9691b-c2dc-4301-991a-4275948de2c7,01/08/2018,
2,31/12/2018,E01402,e43c6893-6da8-4918-96b9-19ae6ede47ac,19/08/2018,20/12/2018
2,31/12/2018,E01167,0cd856ec-6147-4ea1-8f9c-d51e9d65185d,14/08/2018,
2,31/12/2018,E00839,d63c3ec3-9bf9-49f6-a1c2-25958b5a4d7e,21/12/2018,
2,31/01/2019,E01412,d5f72fdb-c7f4-42cd-93f4-d2d3a4895309,29/08/2018,
2,31/01/2019,E00424,ab6f1416-9a82-4104-9dab-dea2fed5b0eb,10/08/2018,
2,31/01/2019,E00254,72cfee37-b3fa-4e53-b4d1-c31714a77ed7,03/08/2018,
2,31/01/2019,E01187,3aaeeb4f-9872-4c99-854f-e4db2e255e9a,18/08/2018,
2,31/01/2019,E00216,ad1a4d6d-1c97-4c06-8bf3-ecebe1b94073,17/08/2018,
2,31/01/2019,E01296,68d0d505-bc59-41fa-bb71-54dc10335782,11/08/2018,
2,31/01/2019,E00709,63f44b1a-e6c8-4b8c-b78e-b38a7fa9e8d3,22/08/2018,
2,31/01/2019,E00688,06cdf58d-254b-4898-935b-cf5fdd44f802,20/08/2018,
2,31/01/2019,E00521,3fd9691b-c2dc-4301-991a-4275948de2c7,01/08/2018,
2,31/01/2019,E01167,0cd856ec-6147-4ea1-8f9c-d51e9d65185d,14/08/2018,
2,31/01/2019,E00839,d63c3ec3-9bf9-49f6-a1c2-25958b5a4d7e,21/12/2018,
2,28/02/2019,E01412,d5f72fdb-c7f4-42cd-93f4-d2d3a4895309,29/08/2018,
2,28/02/2019,E00424,ab6f1416-9a82-4104-9dab-dea2fed5b0eb,10/08/2018,
2,28/02/2019,E00254,72cfee37-b3fa-4e53-b4d1-c31714a77ed7,03/08/2018,
2,28/02/2019,E01187,3aaeeb4f-9872-4c99-854f-e4db2e255e9a,18/08/2018,
2,28/02/2019,E00216,ad1a4d6d-1c97-4c06-8bf3-ecebe1b94073,17/08/2018,
2,28/02/2019,E01296,68d0d505-bc59-41fa-bb71-54dc10335782,11/08/2018,
2,28/02/2019,E00709,63f44b1a-e6c8-4b8c-b78e-b38a7fa9e8d3,22/08/2018,
2,28/02/2019,E00688,06cdf58d-254b-4898-935b-cf5fdd44f802,20/08/2018,
2,28/02/2019,E00521,3fd9691b-c2dc-4301-991a-4275948de2c7,01/08/2018,
2,28/02/2019,E01167,0cd856ec-6147-4ea1-8f9c-d51e9d65185d,14/08/2018,
2,28/02/2019,E00839,d63c3ec3-9bf9-49f6-a1c2-25958b5a4d7e,21/12/2018,
2,31/03/2019,E01412,d5f72fdb-c7f4-42cd-93f4-d2d3a4895309,29/08/2018,03/03/2019
2,31/03/2019,E00424,ab6f1416-9a82-4104-9dab-dea2fed5b0eb,10/08/2018,
2,31/03/2019,E00254,72cfee37-b3fa-4e53-b4d1-c31714a77ed7,03/08/2018,
2,31/03/2019,E01187,3aaeeb4f-9872-4c99-854f-e4db2e255e9a,18/08/2018,
2,31/03/2019,E00216,ad1a4d6d-1c97-4c06-8bf3-ecebe1b94073,17/08/2018,
2,31/03/2019,E01296,68d0d505-bc59-41fa-bb71-54dc10335782,11/08/2018,
2,31/03/2019,E00709,63f44b1a-e6c8-4b8c-b78e-b38a7fa9e8d3,22/08/2018,
2,31/03/2019,E00688,06cdf58d-254b-4898-935b-cf5fdd44f802,20/08/2018,
2,31/03/2019,E00521,3fd9691b-c2dc-4301-991a-4275948de2c7,01/08/2018,
2,31/03/2019,E01167,0cd856ec-6147-4ea1-8f9c-d51e9d65185d,14/08/2018,
2,31/03/2019,E00839,d63c3ec3-9bf9-49f6-a1c2-25958b5a4d7e,21/12/2018,
2,31/03/2019,E01006,0ee85f83-0863-4c06-9f0f-29850b4058f6,01/03/2019,
2,30/04/2019,E00424,ab6f1416-9a82-4104-9dab-dea2fed5b0eb,10/08/2018,
2,30/04/2019,E00254,72cfee37-b3fa-4e53-b4d1-c31714a77ed7,03/08/2018,
2,30/04/2019,E01187,3aaeeb4f-9872-4c99-854f-e4db2e255e9a,18/08/2018,
2,30/04/2019,E00216,ad1a4d6d-1c97-4c06-8bf3-ecebe1b94073,17/08/2018,
2,30/04/2019,E01296,68d0d505-bc59-41fa-bb71-54dc10335782,11/08/2018,
2,30/04/2019,E00709,63f44b1a-e6c8-4b8c-b78e-b38a7fa9e8d3,22/08/2018,
2,30/04/2019,E00688,06cdf58d-254b-4898-935b-cf5fdd44f802,20/08/2018,
2,30/04/2019,E00521,3fd9691b-c2dc-4301-991a-4275948de2c7,01/08/2018,
2,30/04/2019,E01167,0cd856ec-6147-4ea1-8f9c-d51e9d65185d,14/08/2018,
2,30/04/2019,E00839,d63c3ec3-9bf9-49f6-a1c2-25958b5a4d7e,21/12/2018,
2,30/04/2019,E01006,0ee85f83-0863-4c06-9f0f-29850b4058f6,01/03/2019,
2,31/05/2019,E00424,ab6f1416-9a82-4104-9dab-dea2fed5b0eb,10/08/2018,
2,31/05/2019,E00254,72cfee37-b3fa-4e53-b4d1-c31714a77ed7,03/08/2018,
2,31/05/2019,E01187,3aaeeb4f-9872-4c99-854f-e4db2e255e9a,18/08/2018,
2,31/05/2019,E00216,ad1a4d6d-1c97-4c06-8bf3-ecebe1b94073,17/08/2018,
2,31/05/2019,E01296,68d0d505-bc59-41fa-bb71-54dc10335782,11/08/2018,
2,31/05/2019,E00709,63f44b1a-e6c8-4b8c-b78e-b38a7fa9e8d3,22/08/2018,
2,31/05/2019,E00688,06cdf58d-254b-4898-935b-cf5fdd44f802,20/08/2018,
2,31/05/2019,E00521,3fd9691b-c2dc-4301-991a-4275948de2c7,01/08/2018,
2,31/05/2019,E01167,0cd856ec-6147-4ea1-8f9c-d51e9d65185d,14/08/2018,
2,31/05/2019,E00839,d63c3ec3-9bf9-49f6-a1c2-25958b5a4d7e,21/12/2018,
2,31/05/2019,E01006,0ee85f83-0863-4c06-9f0f-29850b4058f6,01/03/2019,
2,30/06/2019,E00424,ab6f1416-9a82-4104-9dab-dea2fed5b0eb,10/08/2018,
2,30/06/2019,E00254,72cfee37-b3fa-4e53-b4d1-c31714a77ed7,03/08/2018,
2,30/06/2019,E01187,3aaeeb4f-9872-4c99-854f-e4db2e255e9a,18/08/2018,
2,30/06/2019,E00216,ad1a4d6d-1c97-4c06-8bf3-ecebe1b94073,17/08/2018,
2,30/06/2019,E01296,68d0d505-bc59-41fa-bb71-54dc10335782,11/08/2018,
2,30/06/2019,E00709,63f44b1a-e6c8-4b8c-b78e-b38a7fa9e8d3,22/08/2018,
2,30/06/2019,E00688,06cdf58d-254b-4898-935b-cf5fdd44f802,20/08/2018,
2,30/06/2019,E00521,3fd9691b-c2dc-4301-991a-4275948de2c7,01/08/2018,
2,30/06/2019,E01167,0cd856ec-6147-4ea1-8f9c-d51e9d65185d,14/08/2018,
2,30/06/2019,E00839,d63c3ec3-9bf9-49f6-a1c2-25958b5a4d7e,21/12/2018,
2,30/06/2019,E01006,0ee85f83-0863-4c06-9f0f-29850b4058f6,01/03/2019,
2,30/06/2019,E01123,cc166be3-4e9d-498c-b4f6-3c770c3802a8,24/06/2019,
2,31/07/2019,E00424,ab6f1416-9a82-4104-9dab-dea2fed5b0eb,10/08/2018,
2,31/07/2019,E00254,72cfee37-b3fa-4e53-b4d1-c31714a77ed7,03/08/2018,
2,31/07/2019,E01187,3aaeeb4f-9872-4c99-854f-e4db2e255e9a,18/08/2018,
2,31/07/2019,E00216,ad1a4d6d-1c97-4c06-8bf3-ecebe1b94073,17/08/2018,
2,31/07/2019,E01296,68d0d505-bc59-41fa-bb71-54dc10335782,11/08/2018,
2,31/07/2019,E00709,63f44b1a-e6c8-4b8c-b78e-b38a7fa9e8d3,22/08/2018,
2,31/07/2019,E00688,06cdf58d-254b-4898-935b-cf5fdd44f802,20/08/2018,
2,31/07/2019,E00521,3fd9691b-c2dc-4301-991a-4275948de2c7,01/08/2018,
2,31/07/2019,E01167,0cd856ec-6147-4ea1-8f9c-d51e9d65185d,14/08/2018,
2,31/07/2019,E00839,d63c3ec3-9bf9-49f6-a1c2-25958b5a4d7e,21/12/2018,
2,31/07/2019,E01006,0ee85f83-0863-4c06-9f0f-29850b4058f6,01/03/2019,
2,31/07/2019,E01123,cc166be3-4e9d-498c-b4f6-3c770c3802a8,24/06/2019,
2,31/08/2019,E00424,ab6f1416-9a82-4104-9dab-dea2fed5b0eb,10/08/2018,
2,31/08/2019,E00254,72cfee37-b3fa-4e53-b4d1-c31714a77ed7,03/08/2018,
2,31/08/2019,E01187,3aaeeb4f-9872-4c99-854f-e4db2e255e9a,18/08/2018,
2,31/08/2019,E00216,ad1a4d6d-1c97-4c06-8bf3-ecebe1b94073,17/08/2018,
2,31/08/2019,E01296,68d0d505-bc59-41fa-bb71-54dc10335782,11/08/2018,
2,31/08/2019,E00709,63f44b1a-e6c8-4b8c-b78e-b38a7fa9e8d3,22/08/2018,
2,31/08/2019,E00688,06cdf58d-254b-4898-935b-cf5fdd44f802,20/08/2018,
2,31/08/2019,E00521,3fd9691b-c2dc-4301-991a-4275948de2c7,01/08/2018,
2,31/08/2019,E01167,0cd856ec-6147-4ea1-8f9c-d51e9d65185d,14/08/2018,
2,31/08/2019,E00839,d63c3ec3-9bf9-49f6-a1c2-25958b5a4d7e,21/12/2018,
2,31/08/2019,E01006,0ee85f83-0863-4c06-9f0f-29850b4058f6,01/03/2019,
2,31/08/2019,E01123,cc166be3-4e9d-498c-b4f6-3c770c3802a8,24/06/2019,
2,30/09/2019,E00424,ab6f1416-9a82-4104-9dab-dea2fed5b0eb,10/08/2018,
2,30/09/2019,E00254,72cfee37-b3fa-4e53-b4d1-c31714a77ed7,03/08/2018,
2,30/09/2019,E01187,3aaeeb4f-9872-4c99-854f-e4db2e255e9a,18/08/2018,
2,30/09/2019,E00216,ad1a4d6d-1c97-4c06-8bf3-ecebe1b94073,17/08/2018,
2,30/09/2019,E01296,68d0d505-bc59-41fa-bb71-54dc10335782,11/08/2018,
2,30/09/2019,E00709,63f44b1a-e6c8-4b8c-b78e-b38a7fa9e8d3,22/08/2018,09/09/2019
2,30/09/2019,E00688,06cdf58d-254b-4898-935b-cf5fdd44f802,20/08/2018,
2,30/09/2019,E00521,3fd9691b-c2dc-4301-991a-4275948de2c7,01/08/2018,
2,30/09/2019,E01167,0cd856ec-6147-4ea1-8f9c-d51e9d65185d,14/08/2018,
2,30/09/2019,E00839,d63c3ec3-9bf9-49f6-a1c2-25958b5a4d7e,21/12/2018,
2,30/09/2019,E01006,0ee85f83-0863-4c06-9f0f-29850b4058f6,01/03/2019,
2,30/09/2019,E01123,cc166be3-4e9d-498c-b4f6-3c770c3802a8,24/06/2019,
2,30/09/2019,E00277,6dcc20bc-f38b-4962-9136-33174fd5a031,06/09/2019,
2,31/10/2019,E00424,ab6f1416-9a82-4104-9dab-dea2fed5b0eb,10/08/2018,
2,31/10/2019,E00254,72cfee37-b3fa-4e53-b4d1-c31714a77ed7,03/08/2018,
2,31/10/2019,E01187,3aaeeb4f-9872-4c99-854f-e4db2e255e9a,18/08/2018,
2,31/10/2019,E00216,ad1a4d6d-1c97-4c06-8bf3-ecebe1b94073,17/08/2018,
2,31/10/2019,E01296,68d0d505-bc59-41fa-bb71-54dc10335782,11/08/2018,
2,31/10/2019,E00688,06cdf58d-254b-4898-935b-cf5fdd44f802,20/08/2018,
2,31/10/2019,E00521,3fd9691b-c2dc-4301-991a-4275948de2c7,01/08/2018,
2,31/10/2019,E01167,0cd856ec-6147-4ea1-8f9c-d51e9d65185d,14/08/2018,
2,31/10/2019,E00839,d63c3ec3-9bf9-49f6-a1c2-25958b5a4d7e,21/12/2018,
2,31/10/2019,E01006,0ee85f83-0863-4c06-9f0f-29850b4058f6,01/03/2019,
2,31/10/2019,E01123,cc166be3-4e9d-498c-b4f6-3c770c3802a8,24/06/2019,
2,31/10/2019,E00277,6dcc20bc-f38b-4962-9136-33174fd5a031,06/09/2019,
2,30/11/2019,E00424,ab6f1416-9a82-4104-9dab-dea2fed5b0eb,10/08/2018,
2,30/11/2019,E00254,72cfee37-b3fa-4e53-b4d1-c31714a77ed7,03/08/2018,
2,30/11/2019,E01187,3aaeeb4f-9872-4c99-854f-e4db2e255e9a,18/08/2018,
2,30/11/2019,E00216,ad1a4d6d-1c97-4c06-8bf3-ecebe1b94073,17/08/2018,
2,30/11/2019,E01296,68d0d505-bc59-41fa-bb71-54dc10335782,11/08/2018,
2,30/11/2019,E00688,06cdf58d-254b-4898-935b-cf5fdd44f802,20/08/2018,
2,30/11/2019,E00521,3fd9691b-c2dc-4301-991a-4275948de2c7,01/08/2018,
2,30/11/2019,E01167,0cd856ec-6147-4ea1-8f9c-d51e9d65185d,14/08/2018,
2,30/11/2019,E00839,d63c3ec3-9bf9-49f6-a1c2-25958b5a4d7e,21/12/2018,
2,30/11/2019,E01006,0ee85f83-0863-4c06-9f0f-29850b4058f6,01/03/2019,
2,30/11/2019,E01123,cc166be3-4e9d-498c-b4f6-3c770c3802a8,24/06/2019,
2,30/11/2019,E00277,6dcc20bc-f38b-4962-9136-33174fd5a031,06/09/2019,
2,31/12/2019,E00424,ab6f1416-9a82-4104-9dab-dea2fed5b0eb,10/08/2018,
2,31/12/2019,E00254,72cfee37-b3fa-4e53-b4d1-c31714a77ed7,03/08/2018,
2,31/12/2019,E01187,3aaeeb4f-9872-4c99-854f-e4db2e255e9a,18/08/2018,
2,31/12/2019,E00216,ad1a4d6d-1c97-4c06-8bf3-ecebe1b94073,17/08/2018,10/12/2019
2,31/12/2019,E01296,68d0d505-bc59-41fa-bb71-54dc10335782,11/08/2018,
2,31/12/2019,E00688,06cdf58d-254b-4898-935b-cf5fdd44f802,20/08/2018,
2,31/12/2019,E00521,3fd9691b-c2dc-4301-991a-4275948de2c7,01/08/2018,
2,31/12/2019,E01167,0cd856ec-6147-4ea1-8f9c-d51e9d65185d,14/08/2018,
2,31/12/2019,E00839,d63c3ec3-9bf9-49f6-a1c2-25958b5a4d7e,21/12/2018,
2,31/12/2019,E01006,0ee85f83-0863-4c06-9f0f-29850b4058f6,01/03/2019,
2,31/12/2019,E01123,cc166be3-4e9d-498c-b4f6-3c770c3802a8,24/06/2019,
2,31/12/2019,E00277,6dcc20bc-f38b-4962-9136-33174fd5a031,06/09/2019,
2,31/12/2019,E01005,032a913a-633d-4cfb-a723-65c22957e7de,23/12/2019,
2,31/01/2020,E00424,ab6f1416-9a82-4104-9dab-dea2fed5b0eb,10/08/2018,
2,31/01/2020,E00254,72cfee37-b3fa-4e53-b4d1-c31714a77ed7,03/08/2018,
2,31/01/2020,E01187,3aaeeb4f-9872-4c99-854f-e4db2e255e9a,18/08/2018,
2,31/01/2020,E01296,68d0d505-bc59-41fa-bb71-54dc10335782,11/08/2018,
2,31/01/2020,E00688,06cdf58d-254b-4898-935b-cf5fdd44f802,20/08/2018,
2,31/01/2020,E00521,3fd9691b-c2dc-4301-991a-4275948de2c7,01/08/2018,
2,31/01/2020,E01167,0cd856ec-6147-4ea1-8f9c-d51e9d65185d,14/08/2018,
2,31/01/2020,E00839,d63c3ec3-9bf9-49f6-a1c2-25958b5a4d7e,21/12/2018,
2,31/01/2020,E01006,0ee85f83-0863-4c06-9f0f-29850b4058f6,01/03/2019,
2,31/01/2020,E01123,cc166be3-4e9d-498c-b4f6-3c770c3802a8,24/06/2019,
2,31/01/2020,E00277,6dcc20bc-f38b-4962-9136-33174fd5a031,06/09/2019,
2,31/01/2020,E01005,032a913a-633d-4cfb-a723-65c22957e7de,23/12/2019,
2,29/02/2020,E00424,ab6f1416-9a82-4104-9dab-dea2fed5b0eb,10/08/2018,
2,29/02/2020,E00254,72cfee37-b3fa-4e53-b4d1-c31714a77ed7,03/08/2018,
2,29/02/2020,E01187,3aaeeb4f-9872-4c99-854f-e4db2e255e9a,18/08/2018,
2,29/02/2020,E01296,68d0d505-bc59-41fa-bb71-54dc10335782,11/08/2018,
2,29/02/2020,E00688,06cdf58d-254b-4898-935b-cf5fdd44f802,20/08/2018,
2,29/02/2020,E00521,3fd9691b-c2dc-4301-991a-4275948de2c7,01/08/2018,
2,29/02/2020,E01167,0cd856ec-6147-4ea1-8f9c-d51e9d65185d,14/08/2018,
2,29/02/2020,E00839,d63c3ec3-9bf9-49f6-a1c2-25958b5a4d7e,21/12/2018,
2,29/02/2020,E01006,0ee85f83-0863-4c06-9f0f-29850b4058f6,01/03/2019,
2,29/02/2020,E01123,cc166be3-4e9d-498c-b4f6-3c770c3802a8,24/06/2019,
2,29/02/2020,E00277,6dcc20bc-f38b-4962-9136-33174fd5a031,06/09/2019,
2,29/02/2020,E01005,032a913a-633d-4cfb-a723-65c22957e7de,23/12/2019,
2,31/03/2020,E00424,ab6f1416-9a82-4104-9dab-dea2fed5b0eb,10/08/2018,
2,31/03/2020,E00254,72cfee37-b3fa-4e53-b4d1-c31714a77ed7,03/08/2018,
2,31/03/2020,E01187,3aaeeb4f-9872-4c99-854f-e4db2e255e9a,18/08/2018,
2,31/03/2020,E01296,68d0d505-bc59-41fa-bb71-54dc10335782,11/08/2018,
2,31/03/2020,E00688,06cdf58d-254b-4898-935b-cf5fdd44f802,20/08/2018,
2,31/03/2020,E00521,3fd9691b-c2dc-4301-991a-4275948de2c7,01/08/2018,
2,31/03/2020,E01167,0cd856ec-6147-4ea1-8f9c-d51e9d65185d,14/08/2018,
2,31/03/2020,E00839,d63c3ec3-9bf9-49f6-a1c2-25958b5a4d7e,21/12/2018,
2,31/03/2020,E01006,0ee85f83-0863-4c06-9f0f-29850b4058f6,01/03/2019,
2,31/03/2020,E01123,cc166be3-4e9d-498c-b4f6-3c770c3802a8,24/06/2019,
2,31/03/2020,E00277,6dcc20bc-f38b-4962-9136-33174fd5a031,06/09/2019,
2,31/03/2020,E01005,032a913a-633d-4cfb-a723-65c22957e7de,23/12/2019,
2,30/04/2020,E00424,ab6f1416-9a82-4104-9dab-dea2fed5b0eb,10/08/2018,
2,30/04/2020,E00254,72cfee37-b3fa-4e53-b4d1-c31714a77ed7,03/08/2018,
2,30/04/2020,E01187,3aaeeb4f-9872-4c99-854f-e4db2e255e9a,18/08/2018,
2,30/04/2020,E01296,68d0d505-bc59-41fa-bb71-54dc10335782,11/08/2018,
2,30/04/2020,E00688,06cdf58d-254b-4898-935b-cf5fdd44f802,20/08/2018,
2,30/04/2020,E00521,3fd9691b-c2dc-4301-991a-4275948de2c7,01/08/2018,
2,30/04/2020,E01167,0cd856ec-6147-4ea1-8f9c-d51e9d65185d,14/08/2018,
2,30/04/2020,E00839,d63c3ec3-9bf9-49f6-a1c2-25958b5a4d7e,21/12/2018,
2,30/04/2020,E01006,0ee85f83-0863-4c06-9f0f-29850b4058f6,01/03/2019,
2,30/04/2020,E01123,cc166be3-4e9d-498c-b4f6-3c770c3802a8,24/06/2019,
2,30/04/2020,E00277,6dcc20bc-f38b-4962-9136-33174fd5a031,06/09/2019,
2,30/04/2020,E01005,032a913a-633d-4cfb-a723-65c22957e7de,23/12/2019,
2,31/05/2020,E00424,ab6f1416-9a82-4104-9dab-dea2fed5b0eb,10/08/2018,
2,31/05/2020,E00254,72cfee37-b3fa-4e53-b4d1-c31714a77ed7,03/08/2018,
2,31/05/2020,E01187,3aaeeb4f-9872-4c99-854f-e4db2e255e9a,18/08/2018,
2,31/05/2020,E01296,68d0d505-bc59-41fa-bb71-54dc10335782,11/08/2018,
2,31/05/2020,E00688,06cdf58d-254b-4898-935b-cf5fdd44f802,20/08/2018,
2,31/05/2020,E00521,3fd9691b-c2dc-4301-991a-4275948de2c7,01/08/2018,
2,31/05/2020,E01167,0cd856ec-6147-4ea1-8f9c-d51e9d65185d,14/08/2018,
2,31/05/2020,E00839,d63c3ec3-9bf9-49f6-a1c2-25958b5a4d7e,21/12/2018,
2,31/05/2020,E01006,0ee85f83-0863-4c06-9f0f-29850b4058f6,01/03/2019,
2,31/05/2020,E01123,cc166be3-4e9d-498c-b4f6-3c770c3802a8,24/06/2019,
2,31/05/2020,E00277,6dcc20bc-f38b-4962-9136-33174fd5a031,06/09/2019,
2,31/05/2020,E01005,032a913a-633d-4cfb-a723-65c22957e7de,23/12/2019,
2,30/06/2020,E00424,ab6f1416-9a82-4104-9dab-dea2fed5b0eb,10/08/2018,
2,30/06/2020,E00254,72cfee37-b3fa-4e53-b4d1-c31714a77ed7,03/08/2018,
2,30/06/2020,E01187,3aaeeb4f-9872-4c99-854f-e4db2e255e9a,18/08/2018,
2,30/06/2020,E01296,68d0d505-bc59-41fa-bb71-54dc10335782,11/08/2018,
2,30/06/2020,E00688,06cdf58d-254b-4898-935b-cf5fdd44f802,20/08/2018,
2,30/06/2020,E00521,3fd9691b-c2dc-4301-991a-4275948de2c7,01/08/2018,
2,30/06/2020,E01167,0cd856ec-6147-4ea1-8f9c-d51e9d65185d,14/08/2018,
2,30/06/2020,E00839,d63c3ec3-9bf9-49f6-a1c2-25958b5a4d7e,21/12/2018,
2,30/06/2020,E01006,0ee85f83-0863-4c06-9f0f-29850b4058f6,01/03/2019,
2,30/06/2020,E01123,cc166be3-4e9d-498c-b4f6-3c770c3802a8,24/06/2019,
2,30/06/2020,E00277,6dcc20bc-f38b-4962-9136-33174fd5a031,06/09/2019,25/06/2020
2,30/06/2020,E01005,032a913a-633d-4cfb-a723-65c22957e7de,23/12/2019,
2,30/06/2020,E01467,7af42bd2-2c49-4d6d-bbfa-d5b4752c4c09,12/06/2020,
2,31/07/2020,E00424,ab6f1416-9a82-4104-9dab-dea2fed5b0eb,10/08/2018,
2,31/07/2020,E00254,72cfee37-b3fa-4e53-b4d1-c31714a77ed7,03/08/2018,
2,31/07/2020,E01187,3aaeeb4f-9872-4c99-854f-e4db2e255e9a,18/08/2018,
2,31/07/2020,E01296,68d0d505-bc59-41fa-bb71-54dc10335782,11/08/2018,
2,31/07/2020,E00688,06cdf58d-254b-4898-935b-cf5fdd44f802,20/08/2018,
2,31/07/2020,E00521,3fd9691b-c2dc-4301-991a-4275948de2c7,01/08/2018,
2,31/07/2020,E01167,0cd856ec-6147-4ea1-8f9c-d51e9d65185d,14/08/2018,
2,31/07/2020,E00839,d63c3ec3-9bf9-49f6-a1c2-25958b5a4d7e,21/12/2018,
2,31/07/2020,E01006,0ee85f83-0863-4c06-9f0f-29850b4058f6,01/03/2019,
2,31/07/2020,E01123,cc166be3-4e9d-498c-b4f6-3c770c3802a8,24/06/2019,
2,31/07/2020,E01005,032a913a-633d-4cfb-a723-65c22957e7de,23/12/2019,
2,31/07/2020,E01467,7af42bd2-2c49-4d6d-bbfa-d5b4752c4c09,12/06/2020,
2,31/07/2020,E00527,4753ef72-56dc-4dc1-808f-24945cdc441a,12/07/2020,
2,31/08/2020,E00424,ab6f1416-9a82-4104-9dab-dea2fed5b0eb,10/08/2018,
2,31/08/2020,E00254,72cfee37-b3fa-4e53-b4d1-c31714a77ed7,03/08/2018,
2,31/08/2020,E01187,3aaeeb4f-9872-4c99-854f-e4db2e255e9a,18/08/2018,
2,31/08/2020,E01296,68d0d505-bc59-41fa-bb71-54dc10335782,11/08/2018,
2,31/08/2020,E00688,06cdf58d-254b-4898-935b-cf5fdd44f802,20/08/2018,
2,31/08/2020,E00521,3fd9691b-c2dc-4301-991a-4275948de2c7,01/08/2018,
2,31/08/2020,E01167,0cd856ec-6147-4ea1-8f9c-d51e9d65185d,14/08/2018,
2,31/08/2020,E00839,d63c3ec3-9bf9-49f6-a1c2-25958b5a4d7e,21/12/2018,
2,31/08/2020,E01006,0ee85f83-0863-4c06-9f0f-29850b4058f6,01/03/2019,
2,31/08/2020,E01123,cc166be3-4e9d-498c-b4f6-3c770c3802a8,24/06/2019,
2,31/08/2020,E01005,032a913a-633d-4cfb-a723-65c22957e7de,23/12/2019,
2,31/08/2020,E01467,7af42bd2-2c49-4d6d-bbfa-d5b4752c4c09,12/06/2020,
2,31/08/2020,E00527,4753ef72-56dc-4dc1-808f-24945cdc441a,12/07/2020,
2,31/08/2020,E00784,d35aef31-9a17-4fc4-bb60-19891f188351,23/08/2020,
2,31/08/2020,E00992,930335f1-dcf5-40dd-b700-6ffb1dabc3bb,19/08/2020,
2,30/09/2020,E00424,ab6f1416-9a82-4104-9dab-dea2fed5b0eb,10/08/2018,
2,30/09/2020,E00254,72cfee37-b3fa-4e53-b4d1-c31714a77ed7,03/08/2018,
2,30/09/2020,E01187,3aaeeb4f-9872-4c99-854f-e4db2e255e9a,18/08/2018,
2,30/09/2020,E01296,68d0d505-bc59-41fa-bb71-54dc10335782,11/08/2018,
2,30/09/2020,E00688,06cdf58d-254b-4898-935b-cf5fdd44f802,20/08/2018,
2,30/09/2020,E00521,3fd9691b-c2dc-4301-991a-4275948de2c7,01/08/2018,
2,30/09/2020,E01167,0cd856ec-6147-4ea1-8f9c-d51e9d65185d,14/08/2018,
2,30/09/2020,E00839,d63c3ec3-9bf9-49f6-a1c2-25958b5a4d7e,21/12/2018,
2,30/09/2020,E01006,0ee85f83-0863-4c06-9f0f-29850b4058f6,01/03/2019,
2,30/09/2020,E01123,cc166be3-4e9d-498c-b4f6-3c770c3802a8,24/06/2019,
2,30/09/2020,E01005,032a913a-633d-4cfb-a723-65c22957e7de,23/12/2019,
2,30/09/2020,E01467,7af42bd2-2c49-4d6d-bbfa-d5b4752c4c09,12/06/2020,
2,30/09/2020,E00527,4753ef72-56dc-4dc1-808f-24945cdc441a,12/07/2020,
2,30/09/2020,E00784,d35aef31-9a17-4fc4-bb60-19891f188351,23/08/2020,
2,30/09/2020,E00992,930335f1-dcf5-40dd-b700-6ffb1dabc3bb,19/08/2020,
2,30/09/2020,E01285,ce8775c4-5f0e-462c-b779-41e40433b032,21/09/2020,
2,30/09/2020,E00529,d1bf02ee-9ab7-4d74-80da-6ff0260ad906,07/09/2020,
2,30/09/2020,E00183,6f65a7f9-9c1f-4e9e-9833-8a7f4f3ccbc0,09/09/2020,
2,30/09/2020,E01455,e62babdf-e4ad-4661-95c6-ae1d1f7b96f0,11/09/2020,
2,31/10/2020,E00424,ab6f1416-9a82-4104-9dab-dea2fed5b0eb,10/08/2018,
2,31/10/2020,E00254,72cfee37-b3fa-4e53-b4d1-c31714a77ed7,03/08/2018,
2,31/10/2020,E01187,3aaeeb4f-9872-4c99-854f-e4db2e255e9a,18/08/2018,
2,31/10/2020,E01296,68d0d505-bc59-41fa-bb71-54dc10335782,11/08/2018,
2,31/10/2020,E00688,06cdf58d-254b-4898-935b-cf5fdd44f802,20/08/2018,
2,31/10/2020,E00521,3fd9691b-c2dc-4301-991a-4275948de2c7,01/08/2018,
2,31/10/2020,E01167,0cd856ec-6147-4ea1-8f9c-d51e9d65185d,14/08/2018,
2,31/10/2020,E00839,d63c3ec3-9bf9-49f6-a1c2-25958b5a4d7e,21/12/2018,
2,31/10/2020,E01006,0ee85f83-0863-4c06-9f0f-29850b4058f6,01/03/2019,
2,31/10/2020,E01123,cc166be3-4e9d-498c-b4f6-3c770c3802a8,24/06/2019,
2,31/10/2020,E01005,032a913a-633d-4cfb-a723-65c22957e7de,23/12/2019,
2,31/10/2020,E01467,7af42bd2-2c49-4d6d-bbfa-d5b4752c4c09,12/06/2020,
2,31/10/2020,E00527,4753ef72-56dc-4dc1-808f-24945cdc441a,12/07/2020,
2,31/10/2020,E00784,d35aef31-9a17-4fc4-bb60-19891f188351,23/08/2020,
2,31/10/2020,E00992,930335f1-dcf5-40dd-b700-6ffb1dabc3bb,19/08/2020,
2,31/10/2020,E01285,ce8775c4-5f0e-462c-b779-41e40433b032,21/09/2020,
2,31/10/2020,E00529,d1bf02ee-9ab7-4d74-80da-6ff0260ad906,07/09/2020,
2,31/10/2020,E00183,6f65a7f9-9c1f-4e9e-9833-8a7f4f3ccbc0,09/09/2020,
2,31/10/2020,E01455,e62babdf-e4ad-4661-95c6-ae1d1f7b96f0,11/09/2020,
2,30/11/2020,E00424,ab6f1416-9a82-4104-9dab-dea2fed5b0eb,10/08/2018,
2,30/11/2020,E00254,72cfee37-b3fa-4e53-b4d1-c31714a77ed7,03/08/2018,
2,30/11/2020,E01187,3aaeeb4f-9872-4c99-854f-e4db2e255e9a,18/08/2018,
2,30/11/2020,E01296,68d0d505-bc59-41fa-bb71-54dc10335782,11/08/2018,
2,30/11/2020,E00688,06cdf58d-254b-4898-935b-cf5fdd44f802,20/08/2018,
2,30/11/2020,E00521,3fd9691b-c2dc-4301-991a-4275948de2c7,01/08/2018,
2,30/11/2020,E01167,0cd856ec-6147-4ea1-8f9c-d51e9d65185d,14/08/2018,
2,30/11/2020,E00839,d63c3ec3-9bf9-49f6-a1c2-25958b5a4d7e,21/12/2018,
2,30/11/2020,E01006,0ee85f83-0863-4c06-9f0f-29850b4058f6,01/03/2019,18/11/2020
2,30/11/2020,E01123,cc166be3-4e9d-498c-b4f6-3c770c3802a8,24/06/2019,
2,30/11/2020,E01005,032a913a-633d-4cfb-a723-65c22957e7de,23/12/2019,
2,30/11/2020,E01467,7af42bd2-2c49-4d6d-bbfa-d5b4752c4c09,12/06/2020,
2,30/11/2020,E00527,4753ef72-56dc-4dc1-808f-24945cdc441a,12/07/2020,
2,30/11/2020,E00784,d35aef31-9a17-4fc4-bb60-19891f188351,23/08/2020,
2,30/11/2020,E00992,930335f1-dcf5-40dd-b700-6ffb1dabc3bb,19/08/2020,
2,30/11/2020,E01285,ce8775c4-5f0e-462c-b779-41e40433b032,21/09/2020,
2,30/11/2020,E00529,d1bf02ee-9ab7-4d74-80da-6ff0260ad906,07/09/2020,
2,30/11/2020,E00183,6f65a7f9-9c1f-4e9e-9833-8a7f4f3ccbc0,09/09/2020,
2,30/11/2020,E01455,e62babdf-e4ad-4661-95c6-ae1d1f7b96f0,11/09/2020,
2,31/12/2020,E00424,ab6f1416-9a82-4104-9dab-dea2fed5b0eb,10/08/2018,
2,31/12/2020,E00254,72cfee37-b3fa-4e53-b4d1-c31714a77ed7,03/08/2018,
2,31/12/2020,E01187,3aaeeb4f-9872-4c99-854f-e4db2e255e9a,18/08/2018,
2,31/12/2020,E01296,68d0d505-bc59-41fa-bb71-54dc10335782,11/08/2018,
2,31/12/2020,E00688,06cdf58d-254b-4898-935b-cf5fdd44f802,20/08/2018,
2,31/12/2020,E00521,3fd9691b-c2dc-4301-991a-4275948de2c7,01/08/2018,
2,31/12/2020,E01167,0cd856ec-6147-4ea1-8f9c-d51e9d65185d,14/08/2018,
2,31/12/2020,E00839,d63c3ec3-9bf9-49f6-a1c2-25958b5a4d7e,21/12/2018,
2,31/12/2020,E01123,cc166be3-4e9d-498c-b4f6-3c770c3802a8,24/06/2019,
2,31/12/2020,E01005,032a913a-633d-4cfb-a723-65c22957e7de,23/12/2019,
2,31/12/2020,E01467,7af42bd2-2c49-4d6d-bbfa-d5b4752c4c09,12/06/2020,
2,31/12/2020,E00527,4753ef72-56dc-4dc1-808f-24945cdc441a,12/07/2020,
2,31/12/2020,E00784,d35aef31-9a17-4fc4-bb60-19891f188351,23/08/2020,
2,31/12/2020,E00992,930335f1-dcf5-40dd-b700-6ffb1dabc3bb,19/08/2020,
2,31/12/2020,E01285,ce8775c4-5f0e-462c-b779-41e40433b032,21/09/2020,
2,31/12/2020,E00529,d1bf02ee-9ab7-4d74-80da-6ff0260ad906,07/09/2020,
2,31/12/2020,E00183,6f65a7f9-9c1f-4e9e-9833-8a7f4f3ccbc0,09/09/2020,
2,31/12/2020,E01455,e62babdf-e4ad-4661-95c6-ae1d1f7b96f0,11/09/2020,
2,31/12/2020,E00493,29c5d2d8-c973-42ef-8be3-ae8a30acd762,08/12/2020,
2,31/12/2020,E00533,a0f83941-79a2-47e6-8d56-bde87cf274bd,21/12/2020,
2,31/01/2021,E00424,ab6f1416-9a82-4104-9dab-dea2fed5b0eb,10/08/2018,
2,31/01/2021,E00254,72cfee37-b3fa-4e53-b4d1-c31714a77ed7,03/08/2018,
2,31/01/2021,E01187,3aaeeb4f-9872-4c99-854f-e4db2e255e9a,18/08/2018,
2,31/01/2021,E01296,68d0d505-bc59-41fa-bb71-54dc10335782,11/08/2018,
2,31/01/2021,E00688,06cdf58d-254b-4898-935b-cf5fdd44f802,20/08/2018,
2,31/01/2021,E00521,3fd9691b-c2dc-4301-991a-4275948de2c7,01/08/2018,
2,31/01/2021,E01167,0cd856ec-6147-4ea1-8f9c-d51e9d65185d,14/08/2018,
2,31/01/2021,E00839,d63c3ec3-9bf9-49f6-a1c2-25958b5a4d7e,21/12/2018,
2,31/01/2021,E01123,cc166be3-4e9d-498c-b4f6-3c770c3802a8,24/06/2019,
2,31/01/2021,E01005,032a913a-633d-4cfb-a723-65c22957e7de,23/12/2019,
2,31/01/2021,E01467,7af42bd2-2c49-4d6d-bbfa-d5b4752c4c09,12/06/2020,
2,31/01/2021,E00527,4753ef72-56dc-4dc1-808f-24945cdc441a,12/07/2020,
2,31/01/2021,E00784,d35aef31-9a17-4fc4-bb60-19891f188351,23/08/2020,
2,31/01/2021,E00992,930335f1-dcf5-40dd-b700-6ffb1dabc3bb,19/08/2020,
2,31/01/2021,E01285,ce8775c4-5f0e-462c-b779-41e40433b032,21/09/2020,
2,31/01/2021,E00529,d1bf02ee-9ab7-4d74-80da-6ff0260ad906,07/09/2020,
2,31/01/2021,E00183,6f65a7f9-9c1f-4e9e-9833-8a7f4f3ccbc0,09/09/2020,
2,31/01/2021,E01455,e62babdf-e4ad-4661-95c6-ae1d1f7b96f0,11/09/2020,
2,31/01/2021,E00493,29c5d2d8-c973-42ef-8be3-ae8a30acd762,08/12/2020,
2,31/01/2021,E00533,a0f83941-79a2-47e6-8d56-bde87cf274bd,21/12/2020,
2,31/01/2021,E01321,7cd3edb4-f74f-4fc5-a5cf-4d8c0b4e8e2b,19/01/2021,
2,31/01/2021,E00383,beb8f410-4243-4633-8f0b-8141c824562f,22/01/2021,
2,31/01/2021,E01205,018b9e7b-8a49-46f9-ae7c-2519bc86ac10,22/01/2021,
2,28/02/2021,E00424,ab6f1416-9a82-4104-9dab-dea2fed5b0eb,10/08/2018,
2,28/02/2021,E00254,72cfee37-b3fa-4e53-b4d1-c31714a77ed7,03/08/2018,
2,28/02/2021,E01187,3aaeeb4f-9872-4c99-854f-e4db2e255e9a,18/08/2018,13/02/2021
2,28/02/2021,E01296,68d0d505-bc59-41fa-bb71-54dc10335782,11/08/2018,
2,28/02/2021,E00688,06cdf58d-254b-4898-935b-cf5fdd44f802,20/08/2018,
2,28/02/2021,E00521,3fd9691b-c2dc-4301-991a-4275948de2c7,01/08/2018,
2,28/02/2021,E01167,0cd856ec-6147-4ea1-8f9c-d51e9d65185d,14/08/2018,
2,28/02/2021,E00839,d63c3ec3-9bf9-49f6-a1c2-25958b5a4d7e,21/12/2018,
2,28/02/2021,E01123,cc166be3-4e9d-498c-b4f6-3c770c3802a8,24/06/2019,
2,28/02/2021,E01005,032a913a-633d-4cfb-a723-65c22957e7de,23/12/2019,
2,28/02/2021,E01467,7af42bd2-2c49-4d6d-bbfa-d5b4752c4c09,12/06/2020,
2,28/02/2021,E00527,4753ef72-56dc-4dc1-808f-24945cdc441a,12/07/2020,
2,28/02/2021,E00784,d35aef31-9a17-4fc4-bb60-19891f188351,23/08/2020,
2,28/02/2021,E00992,930335f1-dcf5-40dd-b700-6ffb1dabc3bb,19/08/2020,
2,28/02/2021,E01285,ce8775c4-5f0e-462c-b779-41e40433b032,21/09/2020,
2,28/02/2021,E00529,d1bf02ee-9ab7-4d74-80da-6ff0260ad906,07/09/2020,
2,28/02/2021,E00183,6f65a7f9-9c1f-4e9e-9833-8a7f4f3ccbc0,09/09/2020,
2,28/02/2021,E01455,e62babdf-e4ad-4661-95c6-ae1d1f7b96f0,11/09/2020,
2,28/02/2021,E00493,29c5d2d8-c973-42ef-8be3-ae8a30acd762,08/12/2020,
2,28/02/2021,E00533,a0f83941-79a2-47e6-8d56-bde87cf274bd,21/12/2020,
2,28/02/2021,E01321,7cd3edb4-f74f-4fc5-a5cf-4d8c0b4e8e2b,19/01/2021,
2,28/02/2021,E00383,beb8f410-4243-4633-8f0b-8141c824562f,22/01/2021,
2,28/02/2021,E01205,018b9e7b-8a49-46f9-ae7c-2519bc86ac10,22/01/2021,
2,28/02/2021,E01466,dc729edc-b020-4dce-abbb-5124d0100cc2,24/02/2021,
2,28/02/2021,E00297,0d7641a8-2a56-41dc-b4f9-2e45e5cbe90a,20/02/2021,
2,31/03/2021,E00424,ab6f1416-9a82-4104-9dab-dea2fed5b0eb,10/08/2018,
2,31/03/2021,E00254,72cfee37-b3fa-4e53-b4d1-c31714a77ed7,03/08/2018,
2,31/03/2021,E01296,68d0d505-bc59-41fa-bb71-54dc10335782,11/08/2018,
2,31/03/2021,E00688,06cdf58d-254b-4898-935b-cf5fdd44f802,20/08/2018,
2,31/03/2021,E00521,3fd9691b-c2dc-4301-991a-4275948de2c7,01/08/2018,
2,31/03/2021,E01167,0cd856ec-6147-4ea1-8f9c-d51e9d65185d,14/08/2018,
2,31/03/2021,E00839,d63c3ec3-9bf9-49f6-a1c2-25958b5a4d7e,21/12/2018,
2,31/03/2021,E01123,cc166be3-4e9d-498c-b4f6-3c770c3802a8,24/06/2019,
2,31/03/2021,E01005,032a913a-633d-4cfb-a723-65c22957e7de,23/12/2019,
2,31/03/2021,E01467,7af42bd2-2c49-4d6d-bbfa-d5b4752c4c09,12/06/2020,
2,31/03/2021,E00527,4753ef72-56dc-4dc1-808f-24945cdc441a,12/07/2020,
2,31/03/2021,E00784,d35aef31-9a17-4fc4-bb60-19891f188351,23/08/2020,
2,31/03/2021,E00992,930335f1-dcf5-40dd-b700-6ffb1dabc3bb,19/08/2020,
2,31/03/2021,E01285,ce8775c4-5f0e-462c-b779-41e40433b032,21/09/2020,16/03/2021
2,31/03/2021,E00529,d1bf02ee-9ab7-4d74-80da-6ff0260ad906,07/09/2020,
2,31/03/2021,E00183,6f65a7f9-9c1f-4e9e-9833-8a7f4f3ccbc0,09/09/2020,
2,31/03/2021,E01455,e62babdf-e4ad-4661-95c6-ae1d1f7b96f0,11/09/2020,
2,31/03/2021,E00493,29c5d2d8-c973-42ef-8be3-ae8a30acd762,08/12/2020,
2,31/03/2021,E00533,a0f83941-79a2-47e6-8d56-bde87cf274bd,21/12/2020,
2,31/03/2021,E01321,7cd3edb4-f74f-4fc5-a5cf-4d8c0b4e8e2b,19/01/2021,
2,31/03/2021,E00383,beb8f410-4243-4633-8f0b-8141c824562f,22/01/2021,
2,31/03/2021,E01205,018b9e7b-8a49-46f9-ae7c-2519bc86ac10,22/01/2021,
2,31/03/2021,E01466,dc729edc-b020-4dce-abbb-5124d0100cc2,24/02/2021,
2,31/03/2021,E00297,0d7641a8-2a56-41dc-b4f9-2e45e5cbe90a,20/02/2021,
2,31/03/2021,E01504,c8498148-94e6-4018-9545-5348346da284,13/03/2021,
2,31/03/2021,E01453,0b9ceacc-e3ef-4a9b-9a09-08332f79c3f9,11/03/2021,
2,31/03/2021,E00439,4b0407c8-2fdf-4cc9-ade9-6f6974509e40,31/03/2021,
2,30/04/2021,E00424,ab6f1416-9a82-4104-9dab-dea2fed5b0eb,10/08/2018,
2,30/04/2021,E00254,72cfee37-b3fa-4e53-b4d1-c31714a77ed7,03/08/2018,
2,30/04/2021,E01296,68d0d505-bc59-41fa-bb71-54dc10335782,11/08/2018,
2,30/04/2021,E00688,06cdf58d-254b-4898-935b-cf5fdd44f802,20/08/2018,
2,30/04/2021,E00521,3fd9691b-c2dc-4301-991a-4275948de2c7,01/08/2018,
2,30/04/2021,E01167,0cd856ec-6147-4ea1-8f9c-d51e9d65185d,14/08/2018,
2,30/04/2021,E00839,d63c3ec3-9bf9-49f6-a1c2-25958b5a4d7e,21/12/2018,
2,30/04/2021,E01123,cc166be3-4e9d-498c-b4f6-3c770c3802a8,24/06/2019,
2,30/04/2021,E01005,032a913a-633d-4cfb-a723-65c22957e7de,23/12/2019,
2,30/04/2021,E01467,7af42bd2-2c49-4d6d-bbfa-d5b4752c4c09,12/06/2020,
2,30/04/2021,E00527,4753ef72-56dc-4dc1-808f-24945cdc441a,12/07/2020,
2,30/04/2021,E00784,d35aef31-9a17-4fc4-bb60-19891f188351,23/08/2020,
2,30/04/2021,E00992,930335f1-dcf5-40dd-b700-6ffb1dabc3bb,19/08/2020,
2,30/04/2021,E00529,d1bf02ee-9ab7-4d74-80da-6ff0260ad906,07/09/2020,
2,30/04/2021,E00183,6f65a7f9-9c1f-4e9e-9833-8a7f4f3ccbc0,09/09/2020,
2,30/04/2021,E01455,e62babdf-e4ad-4661-95c6-ae1d1f7b96f0,11/09/2020,
2,30/04/2021,E00493,29c5d2d8-c973-42ef-8be3-ae8a30acd762,08/12/2020,
2,30/04/2021,E00533,a0f83941-79a2-47e6-8d56-bde87cf274bd,21/12/2020,
2,30/04/2021,E01321,7cd3edb4-f74f-4fc5-a5cf-4d8c0b4e8e2b,19/01/2021,
2,30/04/2021,E00383,beb8f410-4243-4633-8f0b-8141c824562f,22/01/2021,
2,30/04/2021,E01205,018b9e7b-8a49-46f9-ae7c-2519bc86ac10,22/01/2021,
2,30/04/2021,E01466,dc729edc-b020-4dce-abbb-5124d0100cc2,24/02/2021,
2,30/04/2021,E00297,0d7641a8-2a56-41dc-b4f9-2e45e5cbe90a,20/02/2021,
2,30/04/2021,E01504,c8498148-94e6-4018-9545-5348346da284,13/03/2021,
2,30/04/2021,E01453,0b9ceacc-e3ef-4a9b-9a09-08332f79c3f9,11/03/2021,
2,30/04/2021,E00439,4b0407c8-2fdf-4cc9-ade9-6f6974509e40,31/03/2021,
2,30/04/2021,E00149,e50b4ae5-5c6f-42db-baf6-c25aa86a7117,29/04/2021,
2,30/04/2021,E00039,6fda7c01-eb5c-4683-b7f4-89113ac98ddf,23/04/2021,
2,31/05/2021,E00424,ab6f1416-9a82-4104-9dab-dea2fed5b0eb,10/08/2018,
2,31/05/2021,E00254,72cfee37-b3fa-4e53-b4d1-c31714a77ed7,03/08/2018,
2,31/05/2021,E01296,68d0d505-bc59-41fa-bb71-54dc10335782,11/08/2018,
2,31/05/2021,E00688,06cdf58d-254b-4898-935b-cf5fdd44f802,20/08/2018,
2,31/05/2021,E00521,3fd9691b-c2dc-4301-991a-4275948de2c7,01/08/2018,
2,31/05/2021,E01167,0cd856ec-6147-4ea1-8f9c-d51e9d65185d,14/08/2018,
2,31/05/2021,E00839,d63c3ec3-9bf9-49f6-a1c2-25958b5a4d7e,21/12/2018,
2,31/05/2021,E01123,cc166be3-4e9d-498c-b4f6-3c770c3802a8,24/06/2019,
2,31/05/2021,E01005,032a913a-633d-4cfb-a723-65c22957e7de,23/12/2019,
2,31/05/2021,E01467,7af42bd2-2c49-4d6d-bbfa-d5b4752c4c09,12/06/2020,
2,31/05/2021,E00527,4753ef72-56dc-4dc1-808f-24945cdc441a,12/07/2020,
2,31/05/2021,E00784,d35aef31-9a17-4fc4-bb60-19891f188351,23/08/2020,
2,31/05/2021,E00992,930335f1-dcf5-40dd-b700-6ffb1dabc3bb,19/08/2020,
2,31/05/2021,E00529,d1bf02ee-9ab7-4d74-80da-6ff0260ad906,07/09/2020,
2,31/05/2021,E00183,6f65a7f9-9c1f-4e9e-9833-8a7f4f3ccbc0,09/09/2020,
2,31/05/2021,E01455,e62babdf-e4ad-4661-95c6-ae1d1f7b96f0,11/09/2020,25/05/2021
2,31/05/2021,E00493,29c5d2d8-c973-42ef-8be3-ae8a30acd762,08/12/2020,
2,31/05/2021,E00533,a0f83941-79a2-47e6-8d56-bde87cf274bd,21/12/2020,
2,31/05/2021,E01321,7cd3edb4-f74f-4fc5-a5cf-4d8c0b4e8e2b,19/01/2021,
2,31/05/2021,E00383,beb8f410-4243-4633-8f0b-8141c824562f,22/01/2021,
2,31/05/2021,E01205,018b9e7b-8a49-46f9-ae7c-2519bc86ac10,22/01/2021,
2,31/05/2021,E01466,dc729edc-b020-4dce-abbb-5124d0100cc2,24/02/2021,
2,31/05/2021,E00297,0d7641a8-2a56-41dc-b4f9-2e45e5cbe90a,20/02/2021,
2,31/05/2021,E01504,c8498148-94e6-4018-9545-5348346da284,13/03/2021,
2,31/05/2021,E01453,0b9ceacc-e3ef-4a9b-9a09-08332f79c3f9,11/03/2021,
2,31/05/2021,E00439,4b0407c8-2fdf-4cc9-ade9-6f6974509e40,31/03/2021,
2,31/05/2021,E00149,e50b4ae5-5c6f-42db-baf6-c25aa86a7117,29/04/2021,
2,31/05/2021,E00039,6fda7c01-eb5c-4683-b7f4-89113ac98ddf,23/04/2021,
2,31/05/2021,E00275,c418ff54-f8e7-4204-b9e0-0dd5f7c32f66,16/05/2021,31/05/2021
2,31/05/2021,E00400,973c8b5c-3de0-41ab-b25a-148c4673e0f9,07/05/2021,
2,31/05/2021,E00332,7c347f33-970d-4b14-882b-447715eeaf0e,24/05/2021,
2,31/05/2021,E00382,fc3b2b67-e6e4-4dec-81f8-6a8073133a5e,11/05/2021,
2,31/05/2021,E00760,28f50e14-70df-440e-9501-fcdc41281215,28/05/2021,
2,30/06/2021,E00424,ab6f1416-9a82-4104-9dab-dea2fed5b0eb,10/08/2018,
2,30/06/2021,E00254,72cfee37-b3fa-4e53-b4d1-c31714a77ed7,03/08/2018,
2,30/06/2021,E01296,68d0d505-bc59-41fa-bb71-54dc10335782,11/08/2018,
2,30/06/2021,E00688,06cdf58d-254b-4898-935b-cf5fdd44f802,20/08/2018,
2,30/06/2021,E00521,3fd9691b-c2dc-4301-991a-4275948de2c7,01/08/2018,
2,30/06/2021,E01167,0cd856ec-6147-4ea1-8f9c-d51e9d65185d,14/08/2018,
2,30/06/2021,E00839,d63c3ec3-9bf9-49f6-a1c2-25958b5a4d7e,21/12/2018,
2,30/06/2021,E01123,cc166be3-4e9d-498c-b4f6-3c770c3802a8,24/06/2019,
2,30/06/2021,E01005,032a913a-633d-4cfb-a723-65c22957e7de,23/12/2019,
2,30/06/2021,E01467,7af42bd2-2c49-4d6d-bbfa-d5b4752c4c09,12/06/2020,
2,30/06/2021,E00527,4753ef72-56dc-4dc1-808f-24945cdc441a,12/07/2020,
2,30/06/2021,E00784,d35aef31-9a17-4fc4-bb60-19891f188351,23/08/2020,
2,30/06/2021,E00992,930335f1-dcf5-40dd-b700-6ffb1dabc3bb,19/08/2020,
2,30/06/2021,E00529,d1bf02ee-9ab7-4d74-80da-6ff0260ad906,07/09/2020,
2,30/06/2021,E00183,6f65a7f9-9c1f-4e9e-9833-8a7f4f3ccbc0,09/09/2020,
2,30/06/2021,E00493,29c5d2d8-c973-42ef-8be3-ae8a30acd762,08/12/2020,
2,30/06/2021,E00533,a0f83941-79a2-47e6-8d56-bde87cf274bd,21/12/2020,
2,30/06/2021,E01321,7cd3edb4-f74f-4fc5-a5cf-4d8c0b4e8e2b,19/01/2021,
2,30/06/2021,E00383,beb8f410-4243-4633-8f0b-8141c824562f,22/01/2021,
2,30/06/2021,E01205,018b9e7b-8a49-46f9-ae7c-2519bc86ac10,22/01/2021,
2,30/06/2021,E01466,dc729edc-b020-4dce-abbb-5124d0100cc2,24/02/2021,
2,30/06/2021,E00297,0d7641a8-2a56-41dc-b4f9-2e45e5cbe90a,20/02/2021,
2,30/06/2021,E01504,c8498148-94e6-4018-9545-5348346da284,13/03/2021,
2,30/06/2021,E01453,0b9ceacc-e3ef-4a9b-9a09-08332f79c3f9,11/03/2021,
2,30/06/2021,E00439,4b0407c8-2fdf-4cc9-ade9-6f6974509e40,31/03/2021,
2,30/06/2021,E00149,e50b4ae5-5c6f-42db-baf6-c25aa86a7117,29/04/2021,
2,30/06/2021,E00039,6fda7c01-eb5c-4683-b7f4-89113ac98ddf,23/04/2021,
5,30/06/2021,E00275,c418ff54-f8e7-4204-b9e0-0dd5f7c32f66,03/06/2021,
2,30/06/2021,E00400,973c8b5c-3de0-41ab-b25a-148c4673e0f9,07/05/2021,
2,30/06/2021,E00332,7c347f33-970d-4b14-882b-447715eeaf0e,24/05/2021,
2,30/06/2021,E00382,fc3b2b67-e6e4-4dec-81f8-6a8073133a5e,11/05/2021,
2,30/06/2021,E00760,28f50e14-70df-440e-9501-fcdc41281215,28/05/2021,
2,30/06/2021,E01257,dca3c562-1372-4428-8ed3-3e891411891d,26/06/2021,
2,30/06/2021,E00699,42ba3599-a9e5-4c3f-ae2c-e28cec7ec24d,24/06/2021,
2,31/07/2021,E00424,ab6f1416-9a82-4104-9dab-dea2fed5b0eb,10/08/2018,
2,31/07/2021,E00254,72cfee37-b3fa-4e53-b4d1-c31714a77ed7,03/08/2018,
2,31/07/2021,E01296,68d0d505-bc59-41fa-bb71-54dc10335782,11/08/2018,31/07/2021
2,31/07/2021,E00688,06cdf58d-254b-4898-935b-cf5fdd44f802,20/08/2018,
2,31/07/2021,E00521,3fd9691b-c2dc-4301-991a-4275948de2c7,01/08/2018,
2,31/07/2021,E01167,0cd856ec-6147-4ea1-8f9c-d51e9d65185d,14/08/2018,
2,31/07/2021,E00839,d63c3ec3-9bf9-49f6-a1c2-25958b5a4d7e,21/12/2018,
2,31/07/2021,E01123,cc166be3-4e9d-498c-b4f6-3c770c3802a8,24/06/2019,
2,31/07/2021,E01005,032a913a-633d-4cfb-a723-65c22957e7de,23/12/2019,
2,31/07/2021,E01467,7af42bd2-2c49-4d6d-bbfa-d5b4752c4c09,12/06/2020,
2,31/07/2021,E00527,4753ef72-56dc-4dc1-808f-24945cdc441a,12/07/2020,
2,31/07/2021,E00784,d35aef31-9a17-4fc4-bb60-19891f188351,23/08/2020,
2,31/07/2021,E00992,930335f1-dcf5-40dd-b700-6ffb1dabc3bb,19/08/2020,
2,31/07/2021,E00529,d1bf02ee-9ab7-4d74-80da-6ff0260ad906,07/09/2020,
2,31/07/2021,E00183,6f65a7f9-9c1f-4e9e-9833-8a7f4f3ccbc0,09/09/2020,
2,31/07/2021,E00493,29c5d2d8-c973-42ef-8be3-ae8a30acd762,08/12/2020,
2,31/07/2021,E00533,a0f83941-79a2-47e6-8d56-bde87cf274bd,21/12/2020,
2,31/07/2021,E01321,7cd3edb4-f74f-4fc5-a5cf-4d8c0b4e8e2b,19/01/2021,
2,31/07/2021,E00383,beb8f410-4243-4633-8f0b-8141c824562f,22/01/2021,
2,31/07/2021,E01205,018b9e7b-8a49-46f9-ae7c-2519bc86ac10,22/01/2021,
2,31/07/2021,E01466,dc729edc-b020-4dce-abbb-5124d0100cc2,24/02/2021,
2,31/07/2021,E00297,0d7641a8-2a56-41dc-b4f9-2e45e5cbe90a,20/02/2021,
2,31/07/2021,E01504,c8498148-94e6-4018-9545-5348346da284,13/03/2021,
2,31/07/2021,E01453,0b9ceacc-e3ef-4a9b-9a09-08332f79c3f9,11/03/2021,
2,31/07/2021,E00439,4b0407c8-2fdf-4cc9-ade9-6f6974509e40,31/03/2021,17/07/2021
2,31/07/2021,E00149,e50b4ae5-5c6f-42db-baf6-c25aa86a7117,29/04/2021,
2,31/07/2021,E00039,6fda7c01-eb5c-4683-b7f4-89113ac98ddf,23/04/2021,
5,31/07/2021,E00275,c418ff54-f8e7-4204-b9e0-0dd5f7c32f66,03/06/2021,
2,31/07/2021,E00400,973c8b5c-3de0-41ab-b25a-148c4673e0f9,07/05/2021,
2,31/07/2021,E00332,7c347f33-970d-4b14-882b-447715eeaf0e,24/05/2021,
2,31/07/2021,E00382,fc3b2b67-e6e4-4dec-81f8-6a8073133a5e,11/05/2021,
2,31/07/2021,E00760,28f50e14-70df-440e-9501-fcdc41281215,28/05/2021,
2,31/07/2021,E01257,dca3c562-1372-4428-8ed3-3e891411891d,26/06/2021,
2,31/07/2021,E00699,42ba3599-a9e5-4c3f-ae2c-e28cec7ec24d,24/06/2021,
2,31/07/2021,E00285,e630674d-7880-4047-9baa-c38ef3bb7147,31/07/2021,
2,31/08/2021,E00424,ab6f1416-9a82-4104-9dab-dea2fed5b0eb,10/08/2018,03/08/2021
2,31/08/2021,E00254,72cfee37-b3fa-4e53-b4d1-c31714a77ed7,03/08/2018,
6,31/08/2021,E01296,68d0d505-bc59-41fa-bb71-54dc10335782,05/08/2021,
2,31/08/2021,E00688,06cdf58d-254b-4898-935b-cf5fdd44f802,20/08/2018,
2,31/08/2021,E00521,3fd9691b-c2dc-4301-991a-4275948de2c7,01/08/2018,
2,31/08/2021,E01167,0cd856ec-6147-4ea1-8f9c-d51e9d65185d,14/08/2018,
2,31/08/2021,E00839,d63c3ec3-9bf9-49f6-a1c2-25958b5a4d7e,21/12/2018,
2,31/08/2021,E01123,cc166be3-4e9d-498c-b4f6-3c770c3802a8,24/06/2019,
2,31/08/2021,E01005,032a913a-633d-4cfb-a723-65c22957e7de,23/12/2019,01/08/2021
2,31/08/2021,E01467,7af42bd2-2c49-4d6d-bbfa-d5b4752c4c09,12/06/2020,
2,31/08/2021,E00527,4753ef72-56dc-4dc1-808f-24945cdc441a,12/07/2020,
2,31/08/2021,E00784,d35aef31-9a17-4fc4-bb60-19891f188351,23/08/2020,
2,31/08/2021,E00992,930335f1-dcf5-40dd-b700-6ffb1dabc3bb,19/08/2020,
2,31/08/2021,E00529,d1bf02ee-9ab7-4d74-80da-6ff0260ad906,07/09/2020,
2,31/08/2021,E00183,6f65a7f9-9c1f-4e9e-9833-8a7f4f3ccbc0,09/09/2020,
2,31/08/2021,E00493,29c5d2d8-c973-42ef-8be3-ae8a30acd762,08/12/2020,
2,31/08/2021,E00533,a0f83941-79a2-47e6-8d56-bde87cf274bd,21/12/2020,
2,31/08/2021,E01321,7cd3edb4-f74f-4fc5-a5cf-4d8c0b4e8e2b,19/01/2021,
2,31/08/2021,E00383,beb8f410-4243-4633-8f0b-8141c824562f,22/01/2021,
2,31/08/2021,E01205,018b9e7b-8a49-46f9-ae7c-2519bc86ac10,22/01/2021,
2,31/08/2021,E01466,dc729edc-b020-4dce-abbb-5124d0100cc2,24/02/2021,
2,31/08/2021,E00297,0d7641a8-2a56-41dc-b4f9-2e45e5cbe90a,20/02/2021,
2,31/08/2021,E01504,c8498148-94e6-4018-9545-5348346da284,13/03/2021,
2,31/08/2021,E01453,0b9ceacc-e3ef-4a9b-9a09-08332f79c3f9,11/03/2021,
2,31/08/2021,E00149,e50b4ae5-5c6f-42db-baf6-c25aa86a7117,29/04/2021,
2,31/08/2021,E00039,6fda7c01-eb5c-4683-b7f4-89113ac98ddf,23/04/2021,
5,31/08/2021,E00275,c418ff54-f8e7-4204-b9e0-0dd5f7c32f66,03/06/2021,
2,31/08/2021,E00400,973c8b5c-3de0-41ab-b25a-148c4673e0f9,07/05/2021,
2,31/08/2021,E00332,7c347f33-970d-4b14-882b-447715eeaf0e,24/05/2021,
2,31/08/2021,E00382,fc3b2b67-e6e4-4dec-81f8-6a8073133a5e,11/05/2021,
2,31/08/2021,E00760,28f50e14-70df-440e-9501-fcdc41281215,28/05/2021,21/08/2021
2,31/08/2021,E01257,dca3c562-1372-4428-8ed3-3e891411891d,26/06/2021,
2,31/08/2021,E00699,42ba3599-a9e5-4c3f-ae2c-e28cec7ec24d,24/06/2021,
2,31/08/2021,E00285,e630674d-7880-4047-9baa-c38ef3bb7147,31/07/2021,
2,30/09/2021,E00254,72cfee37-b3fa-4e53-b4d1-c31714a77ed7,03/08/2018,
6,30/09/2021,E01296,68d0d505-bc59-41fa-bb71-54dc10335782,05/08/2021,
2,30/09/2021,E00688,06cdf58d-254b-4898-935b-cf5fdd44f802,20/08/2018,
2,30/09/2021,E00521,3fd9691b-c2dc-4301-991a-4275948de2c7,01/08/2018,
2,30/09/2021,E01167,0cd856ec-6147-4ea1-8f9c-d51e9d65185d,14/08/2018,
2,30/09/2021,E00839,d63c3ec3-9bf9-49f6-a1c2-25958b5a4d7e,21/12/2018,
2,30/09/2021,E01123,cc166be3-4e9d-498c-b4f6-3c770c3802a8,24/06/2019,
2,30/09/2021,E01467,7af42bd2-2c49-4d6d-bbfa-d5b4752c4c09,12/06/2020,
2,30/09/2021,E00527,4753ef72-56dc-4dc1-808f-24945cdc441a,12/07/2020,
2,30/09/2021,E00784,d35aef31-9a17-4fc4-bb60-19891f188351,23/08/2020,
2,30/09/2021,E00992,930335f1-dcf5-40dd-b700-6ffb1dabc3bb,19/08/2020,
2,30/09/2021,E00529,d1bf02ee-9ab7-4d74-80da-6ff0260ad906,07/09/2020,
2,30/09/2021,E00183,6f65a7f9-9c1f-4e9e-9833-8a7f4f3ccbc0,09/09/2020,03/09/2021
2,30/09/2021,E00493,29c5d2d8-c973-42ef-8be3-ae8a30acd762,08/12/2020,
2,30/09/2021,E00533,a0f83941-79a2-47e6-8d56-bde87cf274bd,21/12/2020,
2,30/09/2021,E01321,7cd3edb4-f74f-4fc5-a5cf-4d8c0b4e8e2b,19/01/2021,
2,30/09/2021,E00383,beb8f410-4243-4633-8f0b-8141c824562f,22/01/2021,
2,30/09/2021,E01205,018b9e7b-8a49-46f9-ae7c-2519bc86ac10,22/01/2021,
2,30/09/2021,E01466,dc729edc-b020-4dce-abbb-5124d0100cc2,24/02/2021,
2,30/09/2021,E00297,0d7641a8-2a56-41dc-b4f9-2e45e5cbe90a,20/02/2021,
2,30/09/2021,E01504,c8498148-94e6-4018-9545-5348346da284,13/03/2021,
2,30/09/2021,E01453,0b9ceacc-e3ef-4a9b-9a09-08332f79c3f9,11/03/2021,
2,30/09/2021,E00149,e50b4ae5-5c6f-42db-baf6-c25aa86a7117,29/04/2021,
2,30/09/2021,E00039,6fda7c01-eb5c-4683-b7f4-89113ac98ddf,23/04/2021,
5,30/09/2021,E00275,c418ff54-f8e7-4204-b9e0-0dd5f7c32f66,03/06/2021,
2,30/09/2021,E00400,973c8b5c-3de0-41ab-b25a-148c4673e0f9,07/05/2021,
2,30/09/2021,E00332,7c347f33-970d-4b14-882b-447715eeaf0e,24/05/2021,
2,30/09/2021,E00382,fc3b2b67-e6e4-4dec-81f8-6a8073133a5e,11/05/2021,
2,30/09/2021,E01257,dca3c562-1372-4428-8ed3-3e891411891d,26/06/2021,
2,30/09/2021,E00699,42ba3599-a9e5-4c3f-ae2c-e28cec7ec24d,24/06/2021,
2,30/09/2021,E00285,e630674d-7880-4047-9baa-c38ef3bb7147,31/07/2021,
2,30/09/2021,E01164,6d061f2e-d899-4500-b834-696beb986164,26/09/2021,
2,31/10/2021,E00254,72cfee37-b3fa-4e53-b4d1-c31714a77ed7,03/08/2018,
6,31/10/2021,E01296,68d0d505-bc59-41fa-bb71-54dc10335782,05/08/2021,
2,31/10/2021,E00688,06cdf58d-254b-4898-935b-cf5fdd44f802,20/08/2018,
2,31/10/2021,E00521,3fd9691b-c2dc-4301-991a-4275948de2c7,01/08/2018,
2,31/10/2021,E01167,0cd856ec-6147-4ea1-8f9c-d51e9d65185d,14/08/2018,
2,31/10/2021,E00839,d63c3ec3-9bf9-49f6-a1c2-25958b5a4d7e,21/12/2018,
2,31/10/2021,E01123,cc166be3-4e9d-498c-b4f6-3c770c3802a8,24/06/2019,
2,31/10/2021,E01467,7af42bd2-2c49-4d6d-bbfa-d5b4752c4c09,12/06/2020,
2,31/10/2021,E00527,4753ef72-56dc-4dc1-808f-24945cdc441a,12/07/2020,
2,31/10/2021,E00784,d35aef31-9a17-4fc4-bb60-19891f188351,23/08/2020,
2,31/10/2021,E00992,930335f1-dcf5-40dd-b700-6ffb1dabc3bb,19/08/2020,
2,31/10/2021,E00529,d1bf02ee-9ab7-4d74-80da-6ff0260ad906,07/09/2020,
2,31/10/2021,E00493,29c5d2d8-c973-42ef-8be3-ae8a30acd762,08/12/2020,
2,31/10/2021,E00533,a0f83941-79a2-47e6-8d56-bde87cf274bd,21/12/2020,
2,31/10/2021,E01321,7cd3edb4-f74f-4fc5-a5cf-4d8c0b4e8e2b,19/01/2021,
2,31/10/2021,E00383,beb8f410-4243-4633-8f0b-8141c824562f,22/01/2021,
2,31/10/2021,E01205,018b9e7b-8a49-46f9-ae7c-2519bc86ac10,22/01/2021,
2,31/10/2021,E01466,dc729edc-b020-4dce-abbb-5124d0100cc2,24/02/2021,
2,31/10/2021,E00297,0d7641a8-2a56-41dc-b4f9-2e45e5cbe90a,20/02/2021,31/10/2021
2,31/10/2021,E01504,c8498148-94e6-4018-9545-5348346da284,13/03/2021,16/10/2021
2,31/10/2021,E01453,0b9ceacc-e3ef-4a9b-9a09-08332f79c3f9,11/03/2021,
2,31/10/2021,E00149,e50b4ae5-5c6f-42db-baf6-c25aa86a7117,29/04/2021,23/10/2021
2,31/10/2021,E00039,6fda7c01-eb5c-4683-b7f4-89113ac98ddf,23/04/2021,
5,31/10/2021,E00275,c418ff54-f8e7-4204-b9e0-0dd5f7c32f66,03/06/2021,17/10/2021
2,31/10/2021,E00400,973c8b5c-3de0-41ab-b25a-148c4673e0f9,07/05/2021,
2,31/10/2021,E00332,7c347f33-970d-4b14-882b-447715eeaf0e,24/05/2021,
2,31/10/2021,E00382,fc3b2b67-e6e4-4dec-81f8-6a8073133a5e,11/05/2021,
2,31/10/2021,E01257,dca3c562-1372-4428-8ed3-3e891411891d,26/06/2021,
2,31/10/2021,E00699,42ba3599-a9e5-4c3f-ae2c-e28cec7ec24d,24/06/2021,
2,31/10/2021,E00285,e630674d-7880-4047-9baa-c38ef3bb7147,31/07/2021,
2,31/10/2021,E01164,6d061f2e-d899-4500-b834-696beb986164,26/09/2021,
2,30/11/2021,E00254,72cfee37-b3fa-4e53-b4d1-c31714a77ed7,03/08/2018,
6,30/11/2021,E01296,68d0d505-bc59-41fa-bb71-54dc10335782,05/08/2021,
2,30/11/2021,E00688,06cdf58d-254b-4898-935b-cf5fdd44f802,20/08/2018,
2,30/11/2021,E00521,3fd9691b-c2dc-4301-991a-4275948de2c7,01/08/2018,
2,30/11/2021,E01167,0cd856ec-6147-4ea1-8f9c-d51e9d65185d,14/08/2018,
2,30/11/2021,E00839,d63c3ec3-9bf9-49f6-a1c2-25958b5a4d7e,21/12/2018,
2,30/11/2021,E01123,cc166be3-4e9d-498c-b4f6-3c770c3802a8,24/06/2019,
2,30/11/2021,E01467,7af42bd2-2c49-4d6d-bbfa-d5b4752c4c09,12/06/2020,
2,30/11/2021,E00527,4753ef72-56dc-4dc1-808f-24945cdc441a,12/07/2020,
2,30/11/2021,E00784,d35aef31-9a17-4fc4-bb60-19891f188351,23/08/2020,
2,30/11/2021,E00992,930335f1-dcf5-40dd-b700-6ffb1dabc3bb,19/08/2020,
2,30/11/2021,E00529,d1bf02ee-9ab7-4d74-80da-6ff0260ad906,07/09/2020,
2,30/11/2021,E00493,29c5d2d8-c973-42ef-8be3-ae8a30acd762,08/12/2020,
2,30/11/2021,E00533,a0f83941-79a2-47e6-8d56-bde87cf274bd,21/12/2020,
2,30/11/2021,E01321,7cd3edb4-f74f-4fc5-a5cf-4d8c0b4e8e2b,19/01/2021,
2,30/11/2021,E00383,beb8f410-4243-4633-8f0b-8141c824562f,22/01/2021,
2,30/11/2021,E01205,018b9e7b-8a49-46f9-ae7c-2519bc86ac10,22/01/2021,
2,30/11/2021,E01466,dc729edc-b020-4dce-abbb-5124d0100cc2,24/02/2021,
6,30/11/2021,E00297,0d7641a8-2a56-41dc-b4f9-2e45e5cbe90a,02/11/2021,
2,30/11/2021,E01453,0b9ceacc-e3ef-4a9b-9a09-08332f79c3f9,11/03/2021,
2,30/11/2021,E00039,6fda7c01-eb5c-4683-b7f4-89113ac98ddf,23/04/2021,
2,30/11/2021,E00400,973c8b5c-3de0-41ab-b25a-148c4673e0f9,07/05/2021,
2,30/11/2021,E00332,7c347f33-970d-4b14-882b-447715eeaf0e,24/05/2021,
2,30/11/2021,E00382,fc3b2b67-e6e4-4dec-81f8-6a8073133a5e,11/05/2021,
2,30/11/2021,E01257,dca3c562-1372-4428-8ed3-3e891411891d,26/06/2021,
2,30/11/2021,E00699,42ba3599-a9e5-4c3f-ae2c-e28cec7ec24d,24/06/2021,23/11/2021
2,30/11/2021,E00285,e630674d-7880-4047-9baa-c38ef3bb7147,31/07/2021,
2,30/11/2021,E01164,6d061f2e-d899-4500-b834-696beb986164,26/09/2021,
2,30/11/2021,E00460,52c5e898-6eb4-42eb-9000-7a224bfb51ef,08/11/2021,
2,30/11/2021,E01049,246ee874-44f1-48e9-a0ef-929d72b2cb95,07/11/2021,
2,30/11/2021,E01316,39ae92aa-a57e-490e-ae6b-1af76786a37f,18/11/2021,
2,30/11/2021,E00537,78b4262c-8ebc-4370-90d5-02cdd33665da,12/11/2021,
2,31/12/2021,E00254,72cfee37-b3fa-4e53-b4d1-c31714a77ed7,03/08/2018,
6,31/12/2021,E01296,68d0d505-bc59-41fa-bb71-54dc10335782,05/08/2021,
2,31/12/2021,E00688,06cdf58d-254b-4898-935b-cf5fdd44f802,20/08/2018,
2,31/12/2021,E00521,3fd9691b-c2dc-4301-991a-4275948de2c7,01/08/2018,
2,31/12/2021,E01167,0cd856ec-6147-4ea1-8f9c-d51e9d65185d,14/08/2018,
2,31/12/2021,E00839,d63c3ec3-9bf9-49f6-a1c2-25958b5a4d7e,21/12/2018,
2,31/12/2021,E01123,cc166be3-4e9d-498c-b4f6-3c770c3802a8,24/06/2019,
2,31/12/2021,E01467,7af42bd2-2c49-4d6d-bbfa-d5b4752c4c09,12/06/2020,
2,31/12/2021,E00527,4753ef72-56dc-4dc1-808f-24945cdc441a,12/07/2020,
2,31/12/2021,E00784,d35aef31-9a17-4fc4-bb60-19891f188351,23/08/2020,
2,31/12/2021,E00992,930335f1-dcf5-40dd-b700-6ffb1dabc3bb,19/08/2020,
2,31/12/2021,E00529,d1bf02ee-9ab7-4d74-80da-6ff0260ad906,07/09/2020,
2,31/12/2021,E00493,29c5d2d8-c973-42ef-8be3-ae8a30acd762,08/12/2020,
2,31/12/2021,E00533,a0f83941-79a2-47e6-8d56-bde87cf274bd,21/12/2020,
2,31/12/2021,E01321,7cd3edb4-f74f-4fc5-a5cf-4d8c0b4e8e2b,19/01/2021,
2,31/12/2021,E00383,beb8f410-4243-4633-8f0b-8141c824562f,22/01/2021,
2,31/12/2021,E01205,018b9e7b-8a49-46f9-ae7c-2519bc86ac10,22/01/2021,09/12/2021
2,31/12/2021,E01466,dc729edc-b020-4dce-abbb-5124d0100cc2,24/02/2021,
6,31/12/2021,E00297,0d7641a8-2a56-41dc-b4f9-2e45e5cbe90a,02/11/2021,
2,31/12/2021,E01453,0b9ceacc-e3ef-4a9b-9a09-08332f79c3f9,11/03/2021,
2,31/12/2021,E00039,6fda7c01-eb5c-4683-b7f4-89113ac98ddf,23/04/2021,
2,31/12/2021,E00400,973c8b5c-3de0-41ab-b25a-148c4673e0f9,07/05/2021,
2,31/12/2021,E00332,7c347f33-970d-4b14-882b-447715eeaf0e,24/05/2021,
2,31/12/2021,E00382,fc3b2b67-e6e4-4dec-81f8-6a8073133a5e,11/05/2021,
2,31/12/2021,E01257,dca3c562-1372-4428-8ed3-3e891411891d,26/06/2021,
2,31/12/2021,E00285,e630674d-7880-4047-9baa-c38ef3bb7147,31/07/2021,
2,31/12/2021,E01164,6d061f2e-d899-4500-b834-696beb986164,26/09/2021,
2,31/12/2021,E00460,52c5e898-6eb4-42eb-9000-7a224bfb51ef,08/11/2021,
2,31/12/2021,E01049,246ee874-44f1-48e9-a0ef-929d72b2cb95,07/11/2021,
2,31/12/2021,E01316,39ae92aa-a57e-490e-ae6b-1af76786a37f,18/11/2021,
2,31/12/2021,E00537,78b4262c-8ebc-4370-90d5-02cdd33665da,12/11/2021,
2,31/12/2021,E01522,fa3d652f-b03e-40c6-a43a-cf8cc16e5867,22/12/2021,
2,31/12/2021,E00536,393dfedb-20af-4548-b575-b6b7873fad3b,04/12/2021,
2,31/01/2022,E00254,72cfee37-b3fa-4e53-b4d1-c31714a77ed7,03/08/2018,
6,31/01/2022,E01296,68d0d505-bc59-41fa-bb71-54dc10335782,05/08/2021,
2,31/01/2022,E00688,06cdf58d-254b-4898-935b-cf5fdd44f802,20/08/2018,
2,31/01/2022,E00521,3fd9691b-c2dc-4301-991a-4275948de2c7,01/08/2018,
2,31/01/2022,E01167,0cd856ec-6147-4ea1-8f9c-d51e9d65185d,14/08/2018,
2,31/01/2022,E00839,d63c3ec3-9bf9-49f6-a1c2-25958b5a4d7e,21/12/2018,
2,31/01/2022,E01123,cc166be3-4e9d-498c-b4f6-3c770c3802a8,24/06/2019,
2,31/01/2022,E01467,7af42bd2-2c49-4d6d-bbfa-d5b4752c4c09,12/06/2020,
2,31/01/2022,E00527,4753ef72-56dc-4dc1-808f-24945cdc441a,12/07/2020,
2,31/01/2022,E00784,d35aef31-9a17-4fc4-bb60-19891f188351,23/08/2020,
2,31/01/2022,E00992,930335f1-dcf5-40dd-b700-6ffb1dabc3bb,19/08/2020,
2,31/01/2022,E00529,d1bf02ee-9ab7-4d74-80da-6ff0260ad906,07/09/2020,
2,31/01/2022,E00493,29c5d2d8-c973-42ef-8be3-ae8a30acd762,08/12/2020,
2,31/01/2022,E00533,a0f83941-79a2-47e6-8d56-bde87cf274bd,21/12/2020,
2,31/01/2022,E01321,7cd3edb4-f74f-4fc5-a5cf-4d8c0b4e8e2b,19/01/2021,
2,31/01/2022,E00383,beb8f410-4243-4633-8f0b-8141c824562f,22/01/2021,
2,31/01/2022,E01466,dc729edc-b020-4dce-abbb-5124d0100cc2,24/02/2021,
6,31/01/2022,E00297,0d7641a8-2a56-41dc-b4f9-2e45e5cbe90a,02/11/2021,
2,31/01/2022,E01453,0b9ceacc-e3ef-4a9b-9a09-08332f79c3f9,11/03/2021,
2,31/01/2022,E00039,6fda7c01-eb5c-4683-b7f4-89113ac98ddf,23/04/2021,
2,31/01/2022,E00400,973c8b5c-3de0-41ab-b25a-148c4673e0f9,07/05/2021,
2,31/01/2022,E00332,7c347f33-970d-4b14-882b-447715eeaf0e,24/05/2021,
2,31/01/2022,E00382,fc3b2b67-e6e4-4dec-81f8-6a8073133a5e,11/05/2021,
2,31/01/2022,E01257,dca3c562-1372-4428-8ed3-3e891411891d,26/06/2021,
2,31/01/2022,E00285,e630674d-7880-4047-9baa-c38ef3bb7147,31/07/2021,
2,31/01/2022,E01164,6d061f2e-d899-4500-b834-696beb986164,26/09/2021,
2,31/01/2022,E00460,52c5e898-6eb4-42eb-9000-7a224bfb51ef,08/11/2021,
2,31/01/2022,E01049,246ee874-44f1-48e9-a0ef-929d72b2cb95,07/11/2021,
2,31/01/2022,E01316,39ae92aa-a57e-490e-ae6b-1af76786a37f,18/11/2021,
2,31/01/2022,E00537,78b4262c-8ebc-4370-90d5-02cdd33665da,12/11/2021,
2,31/01/2022,E01522,fa3d652f-b03e-40c6-a43a-cf8cc16e5867,22/12/2021,
2,31/01/2022,E00536,393dfedb-20af-4548-b575-b6b7873fad3b,04/12/2021,
2,31/01/2022,E01157,dc5e8fc9-d67b-4692-a148-d3664b69f824,01/01/2022,
2,31/01/2022,E01358,58ecc08e-5df3-4e9f-ac30-ce92812fb491,23/01/2022,
2,31/01/2022,E01491,04799c53-59bc-49be-ac31-1e9b03a2c193,04/01/2022,
2,28/02/2022,E00254,72cfee37-b3fa-4e53-b4d1-c31714a77ed7,03/08/2018,
6,28/02/2022,E01296,68d0d505-bc59-41fa-bb71-54dc10335782,05/08/2021,
2,28/02/2022,E00688,06cdf58d-254b-4898-935b-cf5fdd44f802,20/08/2018,
2,28/02/2022,E00521,3fd9691b-c2dc-4301-991a-4275948de2c7,01/08/2018,
2,28/02/2022,E01167,0cd856ec-6147-4ea1-8f9c-d51e9d65185d,14/08/2018,
2,28/02/2022,E00839,d63c3ec3-9bf9-49f6-a1c2-25958b5a4d7e,21/12/2018,
2,28/02/2022,E01123,cc166be3-4e9d-498c-b4f6-3c770c3802a8,24/06/2019,
2,28/02/2022,E01467,7af42bd2-2c49-4d6d-bbfa-d5b4752c4c09,12/06/2020,
2,28/02/2022,E00527,4753ef72-56dc-4dc1-808f-24945cdc441a,12/07/2020,
2,28/02/2022,E00784,d35aef31-9a17-4fc4-bb60-19891f188351,23/08/2020,
2,28/02/2022,E00992,930335f1-dcf5-40dd-b700-6ffb1dabc3bb,19/08/2020,
2,28/02/2022,E00529,d1bf02ee-9ab7-4d74-80da-6ff0260ad906,07/09/2020,
2,28/02/2022,E00493,29c5d2d8-c973-42ef-8be3-ae8a30acd762,08/12/2020,
2,28/02/2022,E00533,a0f83941-79a2-47e6-8d56-bde87cf274bd,21/12/2020,
2,28/02/2022,E01321,7cd3edb4-f74f-4fc5-a5cf-4d8c0b4e8e2b,19/01/2021,
2,28/02/2022,E00383,beb8f410-4243-4633-8f0b-8141c824562f,22/01/2021,
2,28/02/2022,E01466,dc729edc-b020-4dce-abbb-5124d0100cc2,24/02/2021,
6,28/02/2022,E00297,0d7641a8-2a56-41dc-b4f9-2e45e5cbe90a,02/11/2021,
2,28/02/2022,E01453,0b9ceacc-e3ef-4a9b-9a09-08332f79c3f9,11/03/2021,
2,28/02/2022,E00039,6fda7c01-eb5c-4683-b7f4-89113ac98ddf,23/04/2021,
2,28/02/2022,E00400,973c8b5c-3de0-41ab-b25a-148c4673e0f9,07/05/2021,
2,28/02/2022,E00332,7c347f33-970d-4b14-882b-447715eeaf0e,24/05/2021,
2,28/02/2022,E00382,fc3b2b67-e6e4-4dec-81f8-6a8073133a5e,11/05/2021,
2,28/02/2022,E01257,dca3c562-1372-4428-8ed3-3e891411891d,26/06/2021,
2,28/02/2022,E00285,e630674d-7880-4047-9baa-c38ef3bb7147,31/07/2021,
2,28/02/2022,E01164,6d061f2e-d899-4500-b834-696beb986164,26/09/2021,
2,28/02/2022,E00460,52c5e898-6eb4-42eb-9000-7a224bfb51ef,08/11/2021,13/02/2022
2,28/02/2022,E01049,246ee874-44f1-48e9-a0ef-929d72b2cb95,07/11/2021,
2,28/02/2022,E01316,39ae92aa-a57e-490e-ae6b-1af76786a37f,18/11/2021,
2,28/02/2022,E00537,78b4262c-8ebc-4370-90d5-02cdd33665da,12/11/2021,
2,28/02/2022,E01522,fa3d652f-b03e-40c6-a43a-cf8cc16e5867,22/12/2021,
2,28/02/2022,E00536,393dfedb-20af-4548-b575-b6b7873fad3b,04/12/2021,
2,28/02/2022,E01157,dc5e8fc9-d67b-4692-a148-d3664b69f824,01/01/2022,
2,28/02/2022,E01358,58ecc08e-5df3-4e9f-ac30-ce92812fb491,23/01/2022,
2,28/02/2022,E01491,04799c53-59bc-49be-ac31-1e9b03a2c193,04/01/2022,
2,31/03/2022,E00254,72cfee37-b3fa-4e53-b4d1-c31714a77ed7,03/08/2018,
6,31/03/2022,E01296,68d0d505-bc59-41fa-bb71-54dc10335782,05/08/2021,
2,31/03/2022,E00688,06cdf58d-254b-4898-935b-cf5fdd44f802,20/08/2018,
2,31/03/2022,E00521,3fd9691b-c2dc-4301-991a-4275948de2c7,01/08/2018,
2,31/03/2022,E01167,0cd856ec-6147-4ea1-8f9c-d51e9d65185d,14/08/2018,
2,31/03/2022,E00839,d63c3ec3-9bf9-49f6-a1c2-25958b5a4d7e,21/12/2018,
2,31/03/2022,E01123,cc166be3-4e9d-498c-b4f6-3c770c3802a8,24/06/2019,
2,31/03/2022,E01467,7af42bd2-2c49-4d6d-bbfa-d5b4752c4c09,12/06/2020,
2,31/03/2022,E00527,4753ef72-56dc-4dc1-808f-24945cdc441a,12/07/2020,
2,31/03/2022,E00784,d35aef31-9a17-4fc4-bb60-19891f188351,23/08/2020,
2,31/03/2022,E00992,930335f1-dcf5-40dd-b700-6ffb1dabc3bb,19/08/2020,
2,31/03/2022,E00529,d1bf02ee-9ab7-4d74-80da-6ff0260ad906,07/09/2020,
2,31/03/2022,E00493,29c5d2d8-c973-42ef-8be3-ae8a30acd762,08/12/2020,
2,31/03/2022,E00533,a0f83941-79a2-47e6-8d56-bde87cf274bd,21/12/2020,
2,31/03/2022,E01321,7cd3edb4-f74f-4fc5-a5cf-4d8c0b4e8e2b,19/01/2021,
2,31/03/2022,E00383,beb8f410-4243-4633-8f0b-8141c824562f,22/01/2021,28/03/2022
2,31/03/2022,E01466,dc729edc-b020-4dce-abbb-5124d0100cc2,24/02/2021,
6,31/03/2022,E00297,0d7641a8-2a56-41dc-b4f9-2e45e5cbe90a,02/11/2021,
2,31/03/2022,E01453,0b9ceacc-e3ef-4a9b-9a09-08332f79c3f9,11/03/2021,
2,31/03/2022,E00039,6fda7c01-eb5c-4683-b7f4-89113ac98ddf,23/04/2021,
2,31/03/2022,E00400,973c8b5c-3de0-41ab-b25a-148c4673e0f9,07/05/2021,
2,31/03/2022,E00332,7c347f33-970d-4b14-882b-447715eeaf0e,24/05/2021,
2,31/03/2022,E00382,fc3b2b67-e6e4-4dec-81f8-6a8073133a5e,11/05/2021,
2,31/03/2022,E01257,dca3c562-1372-4428-8ed3-3e891411891d,26/06/2021,
2,31/03/2022,E00285,e630674d-7880-4047-9baa-c38ef3bb7147,31/07/2021,
2,31/03/2022,E01164,6d061f2e-d899-4500-b834-696beb986164,26/09/2021,
2,31/03/2022,E01049,246ee874-44f1-48e9-a0ef-929d72b2cb95,07/11/2021,
2,31/03/2022,E01316,39ae92aa-a57e-490e-ae6b-1af76786a37f,18/11/2021,
2,31/03/2022,E00537,78b4262c-8ebc-4370-90d5-02cdd33665da,12/11/2021,
2,31/03/2022,E01522,fa3d652f-b03e-40c6-a43a-cf8cc16e5867,22/12/2021,
2,31/03/2022,E00536,393dfedb-20af-4548-b575-b6b7873fad3b,04/12/2021,
2,31/03/2022,E01157,dc5e8fc9-d67b-4692-a148-d3664b69f824,01/01/2022,
2,31/03/2022,E01358,58ecc08e-5df3-4e9f-ac30-ce92812fb491,23/01/2022,
2,31/03/2022,E01491,04799c53-59bc-49be-ac31-1e9b03a2c193,04/01/2022,
2,31/03/2022,E01487,854f13d9-874d-4ff4-963d-18f0625db1cd,27/03/2022,
2,31/03/2022,E00320,dda61b88-7425-44d7-967b-283408f36d45,23/03/2022,
2,31/03/2022,E00517,f442f9fa-996c-4042-9cc4-f5b95a080d47,22/03/2022,
2,31/03/2022,E01191,d66e22c6-2ddb-4dc6-a6ff-87f6108108b8,18/03/2022,
2,31/03/2022,E01237,cb2fad4e-83a6-451e-aaec-4fb1c13f6a06,19/03/2022,
2,31/03/2022,E01511,59ce341d-ca3e-43a3-aead-76f137c968f3,27/03/2022,
2,30/04/2022,E00254,72cfee37-b3fa-4e53-b4d1-c31714a77ed7,03/08/2018,
6,30/04/2022,E01296,68d0d505-bc59-41fa-bb71-54dc10335782,05/08/2021,
2,30/04/2022,E00688,06cdf58d-254b-4898-935b-cf5fdd44f802,20/08/2018,
2,30/04/2022,E00521,3fd9691b-c2dc-4301-991a-4275948de2c7,01/08/2018,
2,30/04/2022,E01167,0cd856ec-6147-4ea1-8f9c-d51e9d65185d,14/08/2018,
2,30/04/2022,E00839,d63c3ec3-9bf9-49f6-a1c2-25958b5a4d7e,21/12/2018,
2,30/04/2022,E01123,cc166be3-4e9d-498c-b4f6-3c770c3802a8,24/06/2019,
2,30/04/2022,E01467,7af42bd2-2c49-4d6d-bbfa-d5b4752c4c09,12/06/2020,
2,30/04/2022,E00527,4753ef72-56dc-4dc1-808f-24945cdc441a,12/07/2020,
2,30/04/2022,E00784,d35aef31-9a17-4fc4-bb60-19891f188351,23/08/2020,
2,30/04/2022,E00992,930335f1-dcf5-40dd-b700-6ffb1dabc3bb,19/08/2020,
2,30/04/2022,E00529,d1bf02ee-9ab7-4d74-80da-6ff0260ad906,07/09/2020,
2,30/04/2022,E00493,29c5d2d8-c973-42ef-8be3-ae8a30acd762,08/12/2020,
2,30/04/2022,E00533,a0f83941-79a2-47e6-8d56-bde87cf274bd,21/12/2020,
2,30/04/2022,E01321,7cd3edb4-f74f-4fc5-a5cf-4d8c0b4e8e2b,19/01/2021,
2,30/04/2022,E01466,dc729edc-b020-4dce-abbb-5124d0100cc2,24/02/2021,
6,30/04/2022,E00297,0d7641a8-2a56-41dc-b4f9-2e45e5cbe90a,02/11/2021,
2,30/04/2022,E01453,0b9ceacc-e3ef-4a9b-9a09-08332f79c3f9,11/03/2021,
2,30/04/2022,E00039,6fda7c01-eb5c-4683-b7f4-89113ac98ddf,23/04/2021,
2,30/04/2022,E00400,973c8b5c-3de0-41ab-b25a-148c4673e0f9,07/05/2021,
2,30/04/2022,E00332,7c347f33-970d-4b14-882b-447715eeaf0e,24/05/2021,
2,30/04/2022,E00382,fc3b2b67-e6e4-4dec-81f8-6a8073133a5e,11/05/2021,
2,30/04/2022,E01257,dca3c562-1372-4428-8ed3-3e891411891d,26/06/2021,
2,30/04/2022,E00285,e630674d-7880-4047-9baa-c38ef3bb7147,31/07/2021,
2,30/04/2022,E01164,6d061f2e-d899-4500-b834-696beb986164,26/09/2021,
2,30/04/2022,E01049,246ee874-44f1-48e9-a0ef-929d72b2cb95,07/11/2021,
2,30/04/2022,E01316,39ae92aa-a57e-490e-ae6b-1af76786a37f,18/11/2021,
2,30/04/2022,E00537,78b4262c-8ebc-4370-90d5-02cdd33665da,12/11/2021,
2,30/04/2022,E01522,fa3d652f-b03e-40c6-a43a-cf8cc16e5867,22/12/2021,
2,30/04/2022,E00536,393dfedb-20af-4548-b575-b6b7873fad3b,04/12/2021,
2,30/04/2022,E01157,dc5e8fc9-d67b-4692-a148-d3664b69f824,01/01/2022,
2,30/04/2022,E01358,58ecc08e-5df3-4e9f-ac30-ce92812fb491,23/01/2022,
2,30/04/2022,E01491,04799c53-59bc-49be-ac31-1e9b03a2c193,04/01/2022,
2,30/04/2022,E01487,854f13d9-874d-4ff4-963d-18f0625db1cd,27/03/2022,
2,30/04/2022,E00320,dda61b88-7425-44d7-967b-283408f36d45,23/03/2022,
2,30/04/2022,E00517,f442f9fa-996c-4042-9cc4-f5b95a080d47,22/03/2022,
2,30/04/2022,E01191,d66e22c6-2ddb-4dc6-a6ff-87f6108108b8,18/03/2022,
2,30/04/2022,E01237,cb2fad4e-83a6-451e-aaec-4fb1c13f6a06,19/03/2022,
2,30/04/2022,E01511,59ce341d-ca3e-43a3-aead-76f137c968f3,27/03/2022,
2,30/04/2022,E00007,a55792b2-b0ac-464e-bcd9-68865662156b,22/04/2022,
2,30/04/2022,E01108,80788ee7-10a5-4a03-8ceb-6a3dd2cb9021,15/04/2022,
2,30/04/2022,E00196,3e60bd53-abcb-421f-a3de-9b99d03e33f2,14/04/2022,
2,30/04/2022,E00600,eb5c42c1-0586-43df-86e8-d561698d1151,08/04/2022,
2,30/04/2022,E00361,2d445ae8-f7fd-4943-bdac-1f574a6f00af,01/04/2022,
2,30/04/2022,E00608,be7fb54f-5fe9-4fb5-a190-7418af1485f0,14/04/2022,
2,30/04/2022,E00597,9d7faeff-5ebb-41ac-834b-c846ba0f9f94,26/04/2022,
2,31/05/2022,E00254,72cfee37-b3fa-4e53-b4d1-c31714a77ed7,03/08/2018,
6,31/05/2022,E01296,68d0d505-bc59-41fa-bb71-54dc10335782,05/08/2021,
2,31/05/2022,E00688,06cdf58d-254b-4898-935b-cf5fdd44f802,20/08/2018,29/05/2022
2,31/05/2022,E00521,3fd9691b-c2dc-4301-991a-4275948de2c7,01/08/2018,
2,31/05/2022,E01167,0cd856ec-6147-4ea1-8f9c-d51e9d65185d,14/08/2018,
2,31/05/2022,E00839,d63c3ec3-9bf9-49f6-a1c2-25958b5a4d7e,21/12/2018,
2,31/05/2022,E01123,cc166be3-4e9d-498c-b4f6-3c770c3802a8,24/06/2019,
2,31/05/2022,E01467,7af42bd2-2c49-4d6d-bbfa-d5b4752c4c09,12/06/2020,
2,31/05/2022,E00527,4753ef72-56dc-4dc1-808f-24945cdc441a,12/07/2020,
2,31/05/2022,E00784,d35aef31-9a17-4fc4-bb60-19891f188351,23/08/2020,
2,31/05/2022,E00992,930335f1-dcf5-40dd-b700-6ffb1dabc3bb,19/08/2020,
2,31/05/2022,E00529,d1bf02ee-9ab7-4d74-80da-6ff0260ad906,07/09/2020,
2,31/05/2022,E00493,29c5d2d8-c973-42ef-8be3-ae8a30acd762,08/12/2020,
2,31/05/2022,E00533,a0f83941-79a2-47e6-8d56-bde87cf274bd,21/12/2020,
2,31/05/2022,E01321,7cd3edb4-f74f-4fc5-a5cf-4d8c0b4e8e2b,19/01/2021,
2,31/05/2022,E01466,dc729edc-b020-4dce-abbb-5124d0100cc2,24/02/2021,
6,31/05/2022,E00297,0d7641a8-2a56-41dc-b4f9-2e45e5cbe90a,02/11/2021,
2,31/05/2022,E01453,0b9ceacc-e3ef-4a9b-9a09-08332f79c3f9,11/03/2021,
2,31/05/2022,E00039,6fda7c01-eb5c-4683-b7f4-89113ac98ddf,23/04/2021,
2,31/05/2022,E00400,973c8b5c-3de0-41ab-b25a-148c4673e0f9,07/05/2021,
2,31/05/2022,E00332,7c347f33-970d-4b14-882b-447715eeaf0e,24/05/2021,
2,31/05/2022,E00382,fc3b2b67-e6e4-4dec-81f8-6a8073133a5e,11/05/2021,
2,31/05/2022,E01257,dca3c562-1372-4428-8ed3-3e891411891d,26/06/2021,
2,31/05/2022,E00285,e630674d-7880-4047-9baa-c38ef3bb7147,31/07/2021,
2,31/05/2022,E01164,6d061f2e-d899-4500-b834-696beb986164,26/09/2021,
2,31/05/2022,E01049,246ee874-44f1-48e9-a0ef-929d72b2cb95,07/11/2021,20/05/2022
2,31/05/2022,E01316,39ae92aa-a57e-490e-ae6b-1af76786a37f,18/11/2021,
2,31/05/2022,E00537,78b4262c-8ebc-4370-90d5-02cdd33665da,12/11/2021,
2,31/05/2022,E01522,fa3d652f-b03e-40c6-a43a-cf8cc16e5867,22/12/2021,
2,31/05/2022,E00536,393dfedb-20af-4548-b575-b6b7873fad3b,04/12/2021,
2,31/05/2022,E01157,dc5e8fc9-d67b-4692-a148-d3664b69f824,01/01/2022,
2,31/05/2022,E01358,58ecc08e-5df3-4e9f-ac30-ce92812fb491,23/01/2022,
2,31/05/2022,E01491,04799c53-59bc-49be-ac31-1e9b03a2c193,04/01/2022,
2,31/05/2022,E01487,854f13d9-874d-4ff4-963d-18f0625db1cd,27/03/2022,
2,31/05/2022,E00320,dda61b88-7425-44d7-967b-283408f36d45,23/03/2022,
2,31/05/2022,E00517,f442f9fa-996c-4042-9cc4-f5b95a080d47,22/03/2022,
2,31/05/2022,E01191,d66e22c6-2ddb-4dc6-a6ff-87f6108108b8,18/03/2022,
2,31/05/2022,E01237,cb2fad4e-83a6-451e-aaec-4fb1c13f6a06,19/03/2022,
2,31/05/2022,E01511,59ce341d-ca3e-43a3-aead-76f137c968f3,27/03/2022,
2,31/05/2022,E00007,a55792b2-b0ac-464e-bcd9-68865662156b,22/04/2022,
2,31/05/2022,E01108,80788ee7-10a5-4a03-8ceb-6a3dd2cb9021,15/04/2022,
2,31/05/2022,E00196,3e60bd53-abcb-421f-a3de-9b99d03e33f2,14/04/2022,
2,31/05/2022,E00600,eb5c42c1-0586-43df-86e8-d561698d1151,08/04/2022,
2,31/05/2022,E00361,2d445ae8-f7fd-4943-bdac-1f574a6f00af,01/04/2022,
2,31/05/2022,E00608,be7fb54f-5fe9-4fb5-a190-7418af1485f0,14/04/2022,
2,31/05/2022,E00597,9d7faeff-5ebb-41ac-834b-c846ba0f9f94,26/04/2022,
2,31/05/2022,E01297,47d2d98e-e1f7-4f9d-a4ac-780f0e79d3f2,28/05/2022,
2,31/05/2022,E01107,0cd88ef3-1ade-41f8-8c75-f1536e1ee2c5,25/05/2022,
2,31/05/2022,E01304,0dfe1639-7a3b-4433-96b3-10b85dee4b70,05/05/2022,
2,31/05/2022,E00444,1b68b03e-d9cf-4c07-a2ff-101bc4944cae,15/05/2022,
2,31/05/2022,E00371,c2cfa608-7964-4378-894f-44e5cacd8d8b,14/05/2022,
2,30/06/2022,E00254,72cfee37-b3fa-4e53-b4d1-c31714a77ed7,03/08/2018,
6,30/06/2022,E01296,68d0d505-bc59-41fa-bb71-54dc10335782,05/08/2021,
6,30/06/2022,E00688,06cdf58d-254b-4898-935b-cf5fdd44f802,06/06/2022,
2,30/06/2022,E00521,3fd9691b-c2dc-4301-991a-4275948de2c7,01/08/2018,
2,30/06/2022,E01167,0cd856ec-6147-4ea1-8f9c-d51e9d65185d,14/08/2018,
2,30/06/2022,E00839,d63c3ec3-9bf9-49f6-a1c2-25958b5a4d7e,21/12/2018,
2,30/06/2022,E01123,cc166be3-4e9d-498c-b4f6-3c770c3802a8,24/06/2019,
2,30/06/2022,E01467,7af42bd2-2c49-4d6d-bbfa-d5b4752c4c09,12/06/2020,
2,30/06/2022,E00527,4753ef72-56dc-4dc1-808f-24945cdc441a,12/07/2020,
2,30/06/2022,E00784,d35aef31-9a17-4fc4-bb60-19891f188351,23/08/2020,
2,30/06/2022,E00992,930335f1-dcf5-40dd-b700-6ffb1dabc3bb,19/08/2020,
2,30/06/2022,E00529,d1bf02ee-9ab7-4d74-80da-6ff0260ad906,07/09/2020,
2,30/06/2022,E00493,29c5d2d8-c973-42ef-8be3-ae8a30acd762,08/12/2020,
2,30/06/2022,E00533,a0f83941-79a2-47e6-8d56-bde87cf274bd,21/12/2020,
2,30/06/2022,E01321,7cd3edb4-f74f-4fc5-a5cf-4d8c0b4e8e2b,19/01/2021,
2,30/06/2022,E01466,dc729edc-b020-4dce-abbb-5124d0100cc2,24/02/2021,
6,30/06/2022,E00297,0d7641a8-2a56-41dc-b4f9-2e45e5cbe90a,02/11/2021,
2,30/06/2022,E01453,0b9ceacc-e3ef-4a9b-9a09-08332f79c3f9,11/03/2021,
2,30/06/2022,E00039,6fda7c01-eb5c-4683-b7f4-89113ac98ddf,23/04/2021,
2,30/06/2022,E00400,973c8b5c-3de0-41ab-b25a-148c4673e0f9,07/05/2021,
2,30/06/2022,E00332,7c347f33-970d-4b14-882b-447715eeaf0e,24/05/2021,
2,30/06/2022,E00382,fc3b2b67-e6e4-4dec-81f8-6a8073133a5e,11/05/2021,
2,30/06/2022,E01257,dca3c562-1372-4428-8ed3-3e891411891d,26/06/2021,
2,30/06/2022,E00285,e630674d-7880-4047-9baa-c38ef3bb7147,31/07/2021,
2,30/06/2022,E01164,6d061f2e-d899-4500-b834-696beb986164,26/09/2021,
2,30/06/2022,E01316,39ae92aa-a57e-490e-ae6b-1af76786a37f,18/11/2021,
2,30/06/2022,E00537,78b4262c-8ebc-4370-90d5-02cdd33665da,12/11/2021,
2,30/06/2022,E01522,fa3d652f-b03e-40c6-a43a-cf8cc16e5867,22/12/2021,
2,30/06/2022,E00536,393dfedb-20af-4548-b575-b6b7873fad3b,04/12/2021,
2,30/06/2022,E01157,dc5e8fc9-d67b-4692-a148-d3664b69f824,01/01/2022,
2,30/06/2022,E01358,58ecc08e-5df3-4e9f-ac30-ce92812fb491,23/01/2022,
2,30/06/2022,E01491,04799c53-59bc-49be-ac31-1e9b03a2c193,04/01/2022,
2,30/06/2022,E01487,854f13d9-874d-4ff4-963d-18f0625db1cd,27/03/2022,
2,30/06/2022,E00320,dda61b88-7425-44d7-967b-283408f36d45,23/03/2022,
2,30/06/2022,E00517,f442f9fa-996c-4042-9cc4-f5b95a080d47,22/03/2022,
2,30/06/2022,E01191,d66e22c6-2ddb-4dc6-a6ff-87f6108108b8,18/03/2022,
2,30/06/2022,E01237,cb2fad4e-83a6-451e-aaec-4fb1c13f6a06,19/03/2022,
2,30/06/2022,E01511,59ce341d-ca3e-43a3-aead-76f137c968f3,27/03/2022,
2,30/06/2022,E00007,a55792b2-b0ac-464e-bcd9-68865662156b,22/04/2022,
2,30/06/2022,E01108,80788ee7-10a5-4a03-8ceb-6a3dd2cb9021,15/04/2022,
2,30/06/2022,E00196,3e60bd53-abcb-421f-a3de-9b99d03e33f2,14/04/2022,
2,30/06/2022,E00600,eb5c42c1-0586-43df-86e8-d561698d1151,08/04/2022,
2,30/06/2022,E00361,2d445ae8-f7fd-4943-bdac-1f574a6f00af,01/04/2022,
2,30/06/2022,E00608,be7fb54f-5fe9-4fb5-a190-7418af1485f0,14/04/2022,
2,30/06/2022,E00597,9d7faeff-5ebb-41ac-834b-c846ba0f9f94,26/04/2022,
2,30/06/2022,E01297,47d2d98e-e1f7-4f9d-a4ac-780f0e79d3f2,28/05/2022,
2,30/06/2022,E01107,0cd88ef3-1ade-41f8-8c75-f1536e1ee2c5,25/05/2022,
2,30/06/2022,E01304,0dfe1639-7a3b-4433-96b3-10b85dee4b70,05/05/2022,
2,30/06/2022,E00444,1b68b03e-d9cf-4c07-a2ff-101bc4944cae,15/05/2022,
2,30/06/2022,E00371,c2cfa608-7964-4378-894f-44e5cacd8d8b,14/05/2022,
2,31/07/2022,E00254,72cfee37-b3fa-4e53-b4d1-c31714a77ed7,03/08/2018,
6,31/07/2022,E01296,68d0d505-bc59-41fa-bb71-54dc10335782,05/08/2021,
6,31/07/2022,E00688,06cdf58d-254b-4898-935b-cf5fdd44f802,06/06/2022,
2,31/07/2022,E00521,3fd9691b-c2dc-4301-991a-4275948de2c7,01/08/2018,
2,31/07/2022,E01167,0cd856ec-6147-4ea1-8f9c-d51e9d65185d,14/08/2018,
2,31/07/2022,E00839,d63c3ec3-9bf9-49f6-a1c2-25958b5a4d7e,21/12/2018,
2,31/07/2022,E01123,cc166be3-4e9d-498c-b4f6-3c770c3802a8,24/06/2019,
2,31/07/2022,E01467,7af42bd2-2c49-4d6d-bbfa-d5b4752c4c09,12/06/2020,
2,31/07/2022,E00527,4753ef72-56dc-4dc1-808f-24945cdc441a,12/07/2020,
2,31/07/2022,E00784,d35aef31-9a17-4fc4-bb60-19891f188351,23/08/2020,
2,31/07/2022,E00992,930335f1-dcf5-40dd-b700-6ffb1dabc3bb,19/08/2020,
2,31/07/2022,E00529,d1bf02ee-9ab7-4d74-80da-6ff0260ad906,07/09/2020,
2,31/07/2022,E00493,29c5d2d8-c973-42ef-8be3-ae8a30acd762,08/12/2020,
2,31/07/2022,E00533,a0f83941-79a2-47e6-8d56-bde87cf274bd,21/12/2020,
2,31/07/2022,E01321,7cd3edb4-f74f-4fc5-a5cf-4d8c0b4e8e2b,19/01/2021,
2,31/07/2022,E01466,dc729edc-b020-4dce-abbb-5124d0100cc2,24/02/2021,
6,31/07/2022,E00297,0d7641a8-2a56-41dc-b4f9-2e45e5cbe90a,02/11/2021,
2,31/07/2022,E01453,0b9ceacc-e3ef-4a9b-9a09-08332f79c3f9,11/03/2021,
2,31/07/2022,E00039,6fda7c01-eb5c-4683-b7f4-89113ac98ddf,23/04/2021,
2,31/07/2022,E00400,973c8b5c-3de0-41ab-b25a-148c4673e0f9,07/05/2021,
2,31/07/2022,E00332,7c347f33-970d-4b14-882b-447715eeaf0e,24/05/2021,
2,31/07/2022,E00382,fc3b2b67-e6e4-4dec-81f8-6a8073133a5e,11/05/2021,
2,31/07/2022,E01257,dca3c562-1372-4428-8ed3-3e891411891d,26/06/2021,
2,31/07/2022,E00285,e630674d-7880-4047-9baa-c38ef3bb7147,31/07/2021,
2,31/07/2022,E01164,6d061f2e-d899-4500-b834-696beb986164,26/09/2021,
2,31/07/2022,E01316,39ae92aa-a57e-490e-ae6b-1af76786a37f,18/11/2021,
2,31/07/2022,E00537,78b4262c-8ebc-4370-90d5-02cdd33665da,12/11/2021,
2,31/07/2022,E01522,fa3d652f-b03e-40c6-a43a-cf8cc16e5867,22/12/2021,
2,31/07/2022,E00536,393dfedb-20af-4548-b575-b6b7873fad3b,04/12/2021,
2,31/07/2022,E01157,dc5e8fc9-d67b-4692-a148-d3664b69f824,01/01/2022,
2,31/07/2022,E01358,58ecc08e-5df3-4e9f-ac30-ce92812fb491,23/01/2022,
2,31/07/2022,E01491,04799c53-59bc-49be-ac31-1e9b03a2c193,04/01/2022,
2,31/07/2022,E01487,854f13d9-874d-4ff4-963d-18f0625db1cd,27/03/2022,
2,31/07/2022,E00320,dda61b88-7425-44d7-967b-283408f36d45,23/03/2022,
2,31/07/2022,E00517,f442f9fa-996c-4042-9cc4-f5b95a080d47,22/03/2022,
2,31/07/2022,E01191,d66e22c6-2ddb-4dc6-a6ff-87f6108108b8,18/03/2022,
2,31/07/2022,E01237,cb2fad4e-83a6-451e-aaec-4fb1c13f6a06,19/03/2022,
2,31/07/2022,E01511,59ce341d-ca3e-43a3-aead-76f137c968f3,27/03/2022,
2,31/07/2022,E00007,a55792b2-b0ac-464e-bcd9-68865662156b,22/04/2022,
2,31/07/2022,E01108,80788ee7-10a5-4a03-8ceb-6a3dd2cb9021,15/04/2022,
2,31/07/2022,E00196,3e60bd53-abcb-421f-a3de-9b99d03e33f2,14/04/2022,
2,31/07/2022,E00600,eb5c42c1-0586-43df-86e8-d561698d1151,08/04/2022,
2,31/07/2022,E00361,2d445ae8-f7fd-4943-bdac-1f574a6f00af,01/04/2022,
2,31/07/2022,E00608,be7fb54f-5fe9-4fb5-a190-7418af1485f0,14/04/2022,
2,31/07/2022,E00597,9d7faeff-5ebb-41ac-834b-c846ba0f9f94,26/04/2022,
2,31/07/2022,E01297,47d2d98e-e1f7-4f9d-a4ac-780f0e79d3f2,28/05/2022,
2,31/07/2022,E01107,0cd88ef3-1ade-41f8-8c75-f1536e1ee2c5,25/05/2022,
2,31/07/2022,E01304,0dfe1639-7a3b-4433-96b3-10b85dee4b70,05/05/2022,
2,31/07/2022,E00444,1b68b03e-d9cf-4c07-a2ff-101bc4944cae,15/05/2022,
2,31/07/2022,E00371,c2cfa608-7964-4378-894f-44e5cacd8d8b,14/05/2022,
2,31/07/2022,E00088,63f50d91-57c8-4ac0-a819-e110f0ac444d,21/07/2022,
2,31/07/2022,E00184,14e59963-fecc-4d46-9f7f-f351bb1cae45,21/07/2022,
2,31/07/2022,E00001,44eca9c9-0081-4d69-906e-73285b7f6dd2,18/07/2022,
2,31/07/2022,E00596,e2243c1c-b2dd-43a3-ace4-3bbd9d67f131,19/07/2022,
2,31/07/2022,E01218,5e2d8a3d-34d4-4c12-84f1-3c882e377e91,08/07/2022,
2,31/07/2022,E01245,b7507c7b-e4b6-451e-b41a-46c7720e2387,01/07/2022,
2,31/07/2022,E00399,6f8286f0-6651-4472-92e9-10937fff91af,05/07/2022,26/07/2022
2,31/07/2022,E00440,cc242669-3813-4743-9d40-218e6e06d939,15/07/2022,
2,31/07/2022,E01215,798a34bb-3074-4c0c-9075-8ec55a46ae5e,29/07/2022,
2,31/07/2022,E01113,c779f05d-a4e4-4289-9bb8-f97496c48226,17/07/2022,
2,31/07/2022,E00013,243106b5-fdf6-48d8-a776-2cba0f2101bd,08/07/2022,
2,31/08/2022,E00254,72cfee37-b3fa-4e53-b4d1-c31714a77ed7,03/08/2018,
6,31/08/2022,E01296,68d0d505-bc59-41fa-bb71-54dc10335782,05/08/2021,
6,31/08/2022,E00688,06cdf58d-254b-4898-935b-cf5fdd44f802,06/06/2022,
2,31/08/2022,E00521,3fd9691b-c2dc-4301-991a-4275948de2c7,01/08/2018,
2,31/08/2022,E01167,0cd856ec-6147-4ea1-8f9c-d51e9d65185d,14/08/2018,
2,31/08/2022,E00839,d63c3ec3-9bf9-49f6-a1c2-25958b5a4d7e,21/12/2018,03/08/2022
2,31/08/2022,E01123,cc166be3-4e9d-498c-b4f6-3c770c3802a8,24/06/2019,
2,31/08/2022,E01467,7af42bd2-2c49-4d6d-bbfa-d5b4752c4c09,12/06/2020,
2,31/08/2022,E00527,4753ef72-56dc-4dc1-808f-24945cdc441a,12/07/2020,
2,31/08/2022,E00784,d35aef31-9a17-4fc4-bb60-19891f188351,23/08/2020,13/08/2022
2,31/08/2022,E00992,930335f1-dcf5-40dd-b700-6ffb1dabc3bb,19/08/2020,
2,31/08/2022,E00529,d1bf02ee-9ab7-4d74-80da-6ff0260ad906,07/09/2020,
2,31/08/2022,E00493,29c5d2d8-c973-42ef-8be3-ae8a30acd762,08/12/2020,
2,31/08/2022,E00533,a0f83941-79a2-47e6-8d56-bde87cf274bd,21/12/2020,
2,31/08/2022,E01321,7cd3edb4-f74f-4fc5-a5cf-4d8c0b4e8e2b,19/01/2021,
2,31/08/2022,E01466,dc729edc-b020-4dce-abbb-5124d0100cc2,24/02/2021,
6,31/08/2022,E00297,0d7641a8-2a56-41dc-b4f9-2e45e5cbe90a,02/11/2021,23/08/2022
2,31/08/2022,E01453,0b9ceacc-e3ef-4a9b-9a09-08332f79c3f9,11/03/2021,
2,31/08/2022,E00039,6fda7c01-eb5c-4683-b7f4-89113ac98ddf,23/04/2021,
2,31/08/2022,E00400,973c8b5c-3de0-41ab-b25a-148c4673e0f9,07/05/2021,
2,31/08/2022,E00332,7c347f33-970d-4b14-882b-447715eeaf0e,24/05/2021,
2,31/08/2022,E00382,fc3b2b67-e6e4-4dec-81f8-6a8073133a5e,11/05/2021,
2,31/08/2022,E01257,dca3c562-1372-4428-8ed3-3e891411891d,26/06/2021,
2,31/08/2022,E00285,e630674d-7880-4047-9baa-c38ef3bb7147,31/07/2021,
2,31/08/2022,E01164,6d061f2e-d899-4500-b834-696beb986164,26/09/2021,
2,31/08/2022,E01316,39ae92aa-a57e-490e-ae6b-1af76786a37f,18/11/2021,
2,31/08/2022,E00537,78b4262c-8ebc-4370-90d5-02cdd33665da,12/11/2021,
2,31/08/2022,E01522,fa3d652f-b03e-40c6-a43a-cf8cc16e5867,22/12/2021,
2,31/08/2022,E00536,393dfedb-20af-4548-b575-b6b7873fad3b,04/12/2021,
2,31/08/2022,E01157,dc5e8fc9-d67b-4692-a148-d3664b69f824,01/01/2022,
2,31/08/2022,E01358,58ecc08e-5df3-4e9f-ac30-ce92812fb491,23/01/2022,
2,31/08/2022,E01491,04799c53-59bc-49be-ac31-1e9b03a2c193,04/01/2022,19/08/2022
2,31/08/2022,E01487,854f13d9-874d-4ff4-963d-18f0625db1cd,27/03/2022,
2,31/08/2022,E00320,dda61b88-7425-44d7-967b-283408f36d45,23/03/2022,
2,31/08/2022,E00517,f442f9fa-996c-4042-9cc4-f5b95a080d47,22/03/2022,
2,31/08/2022,E01191,d66e22c6-2ddb-4dc6-a6ff-87f6108108b8,18/03/2022,
2,31/08/2022,E01237,cb2fad4e-83a6-451e-aaec-4fb1c13f6a06,19/03/2022,
2,31/08/2022,E01511,59ce341d-ca3e-43a3-aead-76f137c968f3,27/03/2022,
2,31/08/2022,E00007,a55792b2-b0ac-464e-bcd9-68865662156b,22/04/2022,
2,31/08/2022,E01108,80788ee7-10a5-4a03-8ceb-6a3dd2cb9021,15/04/2022,
2,31/08/2022,E00196,3e60bd53-abcb-421f-a3de-9b99d03e33f2,14/04/2022,
2,31/08/2022,E00600,eb5c42c1-0586-43df-86e8-d561698d1151,08/04/2022,
2,31/08/2022,E00361,2d445ae8-f7fd-4943-bdac-1f574a6f00af,01/04/2022,
2,31/08/2022,E00608,be7fb54f-5fe9-4fb5-a190-7418af1485f0,14/04/2022,
2,31/08/2022,E00597,9d7faeff-5ebb-41ac-834b-c846ba0f9f94,26/04/2022,
2,31/08/2022,E01297,47d2d98e-e1f7-4f9d-a4ac-780f0e79d3f2,28/05/2022,
2,31/08/2022,E01107,0cd88ef3-1ade-41f8-8c75-f1536e1ee2c5,25/05/2022,
2,31/08/2022,E01304,0dfe1639-7a3b-4433-96b3-10b85dee4b70,05/05/2022,
2,31/08/2022,E00444,1b68b03e-d9cf-4c07-a2ff-101bc4944cae,15/05/2022,
2,31/08/2022,E00371,c2cfa608-7964-4378-894f-44e5cacd8d8b,14/05/2022,
2,31/08/2022,E00088,63f50d91-57c8-4ac0-a819-e110f0ac444d,21/07/2022,
2,31/08/2022,E00184,14e59963-fecc-4d46-9f7f-f351bb1cae45,21/07/2022,
2,31/08/2022,E00001,44eca9c9-0081-4d69-906e-73285b7f6dd2,18/07/2022,30/08/2022
2,31/08/2022,E00596,e2243c1c-b2dd-43a3-ace4-3bbd9d67f131,19/07/2022,
2,31/08/2022,E01218,5e2d8a3d-34d4-4c12-84f1-3c882e377e91,08/07/2022,
2,31/08/2022,E01245,b7507c7b-e4b6-451e-b41a-46c7720e2387,01/07/2022,
5,31/08/2022,E00399,6f8286f0-6651-4472-92e9-10937fff91af,03/08/2022,
2,31/08/2022,E00440,cc242669-3813-4743-9d40-218e6e06d939,15/07/2022,
2,31/08/2022,E01215,798a34bb-3074-4c0c-9075-8ec55a46ae5e,29/07/2022,
2,31/08/2022,E01113,c779f05d-a4e4-4289-9bb8-f97496c48226,17/07/2022,
2,31/08/2022,E00013,243106b5-fdf6-48d8-a776-2cba0f2101bd,08/07/2022,
2,30/09/2022,E00254,72cfee37-b3fa-4e53-b4d1-c31714a77ed7,03/08/2018,
6,30/09/2022,E01296,68d0d505-bc59-41fa-bb71-54dc10335782,05/08/2021,
6,30/09/2022,E00688,06cdf58d-254b-4898-935b-cf5fdd44f802,06/06/2022,
2,30/09/2022,E00521,3fd9691b-c2dc-4301-991a-4275948de2c7,01/08/2018,
2,30/09/2022,E01167,0cd856ec-6147-4ea1-8f9c-d51e9d65185d,14/08/2018,
2,30/09/2022,E01123,cc166be3-4e9d-498c-b4f6-3c770c3802a8,24/06/2019,
2,30/09/2022,E01467,7af42bd2-2c49-4d6d-bbfa-d5b4752c4c09,12/06/2020,
2,30/09/2022,E00527,4753ef72-56dc-4dc1-808f-24945cdc441a,12/07/2020,
2,30/09/2022,E00992,930335f1-dcf5-40dd-b700-6ffb1dabc3bb,19/08/2020,
2,30/09/2022,E00529,d1bf02ee-9ab7-4d74-80da-6ff0260ad906,07/09/2020,
2,30/09/2022,E00493,29c5d2d8-c973-42ef-8be3-ae8a30acd762,08/12/2020,
2,30/09/2022,E00533,a0f83941-79a2-47e6-8d56-bde87cf274bd,21/12/2020,
2,30/09/2022,E01321,7cd3edb4-f74f-4fc5-a5cf-4d8c0b4e8e2b,19/01/2021,
2,30/09/2022,E01466,dc729edc-b020-4dce-abbb-5124d0100cc2,24/02/2021,
2,30/09/2022,E01453,0b9ceacc-e3ef-4a9b-9a09-08332f79c3f9,11/03/2021,
2,30/09/2022,E00039,6fda7c01-eb5c-4683-b7f4-89113ac98ddf,23/04/2021,
2,30/09/2022,E00400,973c8b5c-3de0-41ab-b25a-148c4673e0f9,07/05/2021,
2,30/09/2022,E00332,7c347f33-970d-4b14-882b-447715eeaf0e,24/05/2021,
2,30/09/2022,E00382,fc3b2b67-e6e4-4dec-81f8-6a8073133a5e,11/05/2021,
2,30/09/2022,E01257,dca3c562-1372-4428-8ed3-3e891411891d,26/06/2021,
2,30/09/2022,E00285,e630674d-7880-4047-9baa-c38ef3bb7147,31/07/2021,
2,30/09/2022,E01164,6d061f2e-d899-4500-b834-696beb986164,26/09/2021,
2,30/09/2022,E01316,39ae92aa-a57e-490e-ae6b-1af76786a37f,18/11/2021,
2,30/09/2022,E00537,78b4262c-8ebc-4370-90d5-02cdd33665da,12/11/2021,
2,30/09/2022,E01522,fa3d652f-b03e-40c6-a43a-cf8cc16e5867,22/12/2021,
2,30/09/2022,E00536,393dfedb-20af-4548-b575-b6b7873fad3b,04/12/2021,
2,30/09/2022,E01157,dc5e8fc9-d67b-4692-a148-d3664b69f824,01/01/2022,
2,30/09/2022,E01358,58ecc08e-5df3-4e9f-ac30-ce92812fb491,23/01/2022,
2,30/09/2022,E01487,854f13d9-874d-4ff4-963d-18f0625db1cd,27/03/2022,
2,30/09/2022,E00320,dda61b88-7425-44d7-967b-283408f36d45,23/03/2022,
2,30/09/2022,E00517,f442f9fa-996c-4042-9cc4-f5b95a080d47,22/03/2022,
2,30/09/2022,E01191,d66e22c6-2ddb-4dc6-a6ff-87f6108108b8,18/03/2022,
2,30/09/2022,E01237,cb2fad4e-83a6-451e-aaec-4fb1c13f6a06,19/03/2022,
2,30/09/2022,E01511,59ce341d-ca3e-43a3-aead-76f137c968f3,27/03/2022,
2,30/09/2022,E00007,a55792b2-b0ac-464e-bcd9-68865662156b,22/04/2022,
2,30/09/2022,E01108,80788ee7-10a5-4a03-8ceb-6a3dd2cb9021,15/04/2022,
2,30/09/2022,E00196,3e60bd53-abcb-421f-a3de-9b99d03e33f2,14/04/2022,
2,30/09/2022,E00600,eb5c42c1-0586-43df-86e8-d561698d1151,08/04/2022,
2,30/09/2022,E00361,2d445ae8-f7fd-4943-bdac-1f574a6f00af,01/04/2022,
2,30/09/2022,E00608,be7fb54f-5fe9-4fb5-a190-7418af1485f0,14/04/2022,
2,30/09/2022,E00597,9d7faeff-5ebb-41ac-834b-c846ba0f9f94,26/04/2022,
2,30/09/2022,E01297,47d2d98e-e1f7-4f9d-a4ac-780f0e79d3f2,28/05/2022,
2,30/09/2022,E01107,0cd88ef3-1ade-41f8-8c75-f1536e1ee2c5,25/05/2022,
2,30/09/2022,E01304,0dfe1639-7a3b-4433-96b3-10b85dee4b70,05/05/2022,
2,30/09/2022,E00444,1b68b03e-d9cf-4c07-a2ff-101bc4944cae,15/05/2022,28/09/2022
2,30/09/2022,E00371,c2cfa608-7964-4378-894f-44e5cacd8d8b,14/05/2022,
2,30/09/2022,E00088,63f50d91-57c8-4ac0-a819-e110f0ac444d,21/07/2022,
2,30/09/2022,E00184,14e59963-fecc-4d46-9f7f-f351bb1cae45,21/07/2022,23/09/2022
1,30/09/2022,E00001,44eca9c9-0081-4d69-906e-73285b7f6dd2,07/09/2022,
2,30/09/2022,E00596,e2243c1c-b2dd-43a3-ace4-3bbd9d67f131,19/07/2022,
2,30/09/2022,E01218,5e2d8a3d-34d4-4c12-84f1-3c882e377e91,08/07/2022,
2,30/09/2022,E01245,b7507c7b-e4b6-451e-b41a-46c7720e2387,01/07/2022,
5,30/09/2022,E00399,6f8286f0-6651-4472-92e9-10937fff91af,03/08/2022,
2,30/09/2022,E00440,cc242669-3813-4743-9d40-218e6e06d939,15/07/2022,
2,30/09/2022,E01215,798a34bb-3074-4c0c-9075-8ec55a46ae5e,29/07/2022,
2,30/09/2022,E01113,c779f05d-a4e4-4289-9bb8-f97496c48226,17/07/2022,
2,30/09/2022,E00013,243106b5-fdf6-48d8-a776-2cba0f2101bd,08/07/2022,
2,30/09/2022,E00792,af8b5d24-8388-4bca-a188-5f8e452311f4,03/09/2022,
2,30/09/2022,E00800,678a0697-cae4-4b46-850f-ada5fe8f68f3,15/09/2022,
2,30/09/2022,E01032,cb422e90-0e04-43ec-8fdf-26c3c9981a79,20/09/2022,
2,31/10/2022,E00254,72cfee37-b3fa-4e53-b4d1-c31714a77ed7,03/08/2018,
6,31/10/2022,E01296,68d0d505-bc59-41fa-bb71-54dc10335782,05/08/2021,07/10/2022
6,31/10/2022,E00688,06cdf58d-254b-4898-935b-cf5fdd44f802,06/06/2022,
2,31/10/2022,E00521,3fd9691b-c2dc-4301-991a-4275948de2c7,01/08/2018,
2,31/10/2022,E01167,0cd856ec-6147-4ea1-8f9c-d51e9d65185d,14/08/2018,
2,31/10/2022,E01123,cc166be3-4e9d-498c-b4f6-3c770c3802a8,24/06/2019,
2,31/10/2022,E01467,7af42bd2-2c49-4d6d-bbfa-d5b4752c4c09,12/06/2020,
2,31/10/2022,E00527,4753ef72-56dc-4dc1-808f-24945cdc441a,12/07/2020,
2,31/10/2022,E00992,930335f1-dcf5-40dd-b700-6ffb1dabc3bb,19/08/2020,
2,31/10/2022,E00529,d1bf02ee-9ab7-4d74-80da-6ff0260ad906,07/09/2020,
2,31/10/2022,E00493,29c5d2d8-c973-42ef-8be3-ae8a30acd762,08/12/2020,
2,31/10/2022,E00533,a0f83941-79a2-47e6-8d56-bde87cf274bd,21/12/2020,
2,31/10/2022,E01321,7cd3edb4-f74f-4fc5-a5cf-4d8c0b4e8e2b,19/01/2021,
2,31/10/2022,E01466,dc729edc-b020-4dce-abbb-5124d0100cc2,24/02/2021,
2,31/10/2022,E01453,0b9ceacc-e3ef-4a9b-9a09-08332f79c3f9,11/03/2021,10/10/2022
2,31/10/2022,E00039,6fda7c01-eb5c-4683-b7f4-89113ac98ddf,23/04/2021,
2,31/10/2022,E00400,973c8b5c-3de0-41ab-b25a-148c4673e0f9,07/05/2021,
2,31/10/2022,E00332,7c347f33-970d-4b14-882b-447715eeaf0e,24/05/2021,
2,31/10/2022,E00382,fc3b2b67-e6e4-4dec-81f8-6a8073133a5e,11/05/2021,
2,31/10/2022,E01257,dca3c562-1372-4428-8ed3-3e891411891d,26/06/2021,
2,31/10/2022,E00285,e630674d-7880-4047-9baa-c38ef3bb7147,31/07/2021,12/10/2022
2,31/10/2022,E01164,6d061f2e-d899-4500-b834-696beb986164,26/09/2021,
2,31/10/2022,E01316,39ae92aa-a57e-490e-ae6b-1af76786a37f,18/11/2021,
2,31/10/2022,E00537,78b4262c-8ebc-4370-90d5-02cdd33665da,12/11/2021,
2,31/10/2022,E01522,fa3d652f-b03e-40c6-a43a-cf8cc16e5867,22/12/2021,
2,31/10/2022,E00536,393dfedb-20af-4548-b575-b6b7873fad3b,04/12/2021,
2,31/10/2022,E01157,dc5e8fc9-d67b-4692-a148-d3664b69f824,01/01/2022,
2,31/10/2022,E01358,58ecc08e-5df3-4e9f-ac30-ce92812fb491,23/01/2022,
2,31/10/2022,E01487,854f13d9-874d-4ff4-963d-18f0625db1cd,27/03/2022,
2,31/10/2022,E00320,dda61b88-7425-44d7-967b-283408f36d45,23/03/2022,
2,31/10/2022,E00517,f442f9fa-996c-4042-9cc4-f5b95a080d47,22/03/2022,
2,31/10/2022,E01191,d66e22c6-2ddb-4dc6-a6ff-87f6108108b8,18/03/2022,
2,31/10/2022,E01237,cb2fad4e-83a6-451e-aaec-4fb1c13f6a06,19/03/2022,
2,31/10/2022,E01511,59ce341d-ca3e-43a3-aead-76f137c968f3,27/03/2022,
2,31/10/2022,E00007,a55792b2-b0ac-464e-bcd9-68865662156b,22/04/2022,
2,31/10/2022,E01108,80788ee7-10a5-4a03-8ceb-6a3dd2cb9021,15/04/2022,
2,31/10/2022,E00196,3e60bd53-abcb-421f-a3de-9b99d03e33f2,14/04/2022,
2,31/10/2022,E00600,eb5c42c1-0586-43df-86e8-d561698d1151,08/04/2022,
2,31/10/2022,E00361,2d445ae8-f7fd-4943-bdac-1f574a6f00af,01/04/2022,
2,31/10/2022,E00608,be7fb54f-5fe9-4fb5-a190-7418af1485f0,14/04/2022,
2,31/10/2022,E00597,9d7faeff-5ebb-41ac-834b-c846ba0f9f94,26/04/2022,
2,31/10/2022,E01297,47d2d98e-e1f7-4f9d-a4ac-780f0e79d3f2,28/05/2022,
2,31/10/2022,E01107,0cd88ef3-1ade-41f8-8c75-f1536e1ee2c5,25/05/2022,
2,31/10/2022,E01304,0dfe1639-7a3b-4433-96b3-10b85dee4b70,05/05/2022,
2,31/10/2022,E00371,c2cfa608-7964-4378-894f-44e5cacd8d8b,14/05/2022,
2,31/10/2022,E00088,63f50d91-57c8-4ac0-a819-e110f0ac444d,21/07/2022,
5,31/10/2022,E00184,14e59963-fecc-4d46-9f7f-f351bb1cae45,06/10/2022,
1,31/10/2022,E00001,44eca9c9-0081-4d69-906e-73285b7f6dd2,07/09/2022,
2,31/10/2022,E00596,e2243c1c-b2dd-43a3-ace4-3bbd9d67f131,19/07/2022,
2,31/10/2022,E01218,5e2d8a3d-34d4-4c12-84f1-3c882e377e91,08/07/2022,31/10/2022
2,31/10/2022,E01245,b7507c7b-e4b6-451e-b41a-46c7720e2387,01/07/2022,
5,31/10/2022,E00399,6f8286f0-6651-4472-92e9-10937fff91af,03/08/2022,
2,31/10/2022,E00440,cc242669-3813-4743-9d40-218e6e06d939,15/07/2022,
2,31/10/2022,E01215,798a34bb-3074-4c0c-9075-8ec55a46ae5e,29/07/2022,
2,31/10/2022,E01113,c779f05d-a4e4-4289-9bb8-f97496c48226,17/07/2022,
2,31/10/2022,E00013,243106b5-fdf6-48d8-a776-2cba0f2101bd,08/07/2022,
2,31/10/2022,E00792,af8b5d24-8388-4bca-a188-5f8e452311f4,03/09/2022,
2,31/10/2022,E00800,678a0697-cae4-4b46-850f-ada5fe8f68f3,15/09/2022,
2,31/10/2022,E01032,cb422e90-0e04-43ec-8fdf-26c3c9981a79,20/09/2022,
2,30/11/2022,E00254,72cfee37-b3fa-4e53-b4d1-c31714a77ed7,03/08/2018,
6,30/11/2022,E00688,06cdf58d-254b-4898-935b-cf5fdd44f802,06/06/2022,
2,30/11/2022,E00521,3fd9691b-c2dc-4301-991a-4275948de2c7,01/08/2018,
2,30/11/2022,E01167,0cd856ec-6147-4ea1-8f9c-d51e9d65185d,14/08/2018,
2,30/11/2022,E01123,cc166be3-4e9d-498c-b4f6-3c770c3802a8,24/06/2019,
2,30/11/2022,E01467,7af42bd2-2c49-4d6d-bbfa-d5b4752c4c09,12/06/2020,
2,30/11/2022,E00527,4753ef72-56dc-4dc1-808f-24945cdc441a,12/07/2020,
2,30/11/2022,E00992,930335f1-dcf5-40dd-b700-6ffb1dabc3bb,19/08/2020,
2,30/11/2022,E00529,d1bf02ee-9ab7-4d74-80da-6ff0260ad906,07/09/2020,
2,30/11/2022,E00493,29c5d2d8-c973-42ef-8be3-ae8a30acd762,08/12/2020,
2,30/11/2022,E00533,a0f83941-79a2-47e6-8d56-bde87cf274bd,21/12/2020,
2,30/11/2022,E01321,7cd3edb4-f74f-4fc5-a5cf-4d8c0b4e8e2b,19/01/2021,
2,30/11/2022,E01466,dc729edc-b020-4dce-abbb-5124d0100cc2,24/02/2021,
2,30/11/2022,E00039,6fda7c01-eb5c-4683-b7f4-89113ac98ddf,23/04/2021,
2,30/11/2022,E00400,973c8b5c-3de0-41ab-b25a-148c4673e0f9,07/05/2021,
2,30/11/2022,E00332,7c347f33-970d-4b14-882b-447715eeaf0e,24/05/2021,
2,30/11/2022,E00382,fc3b2b67-e6e4-4dec-81f8-6a8073133a5e,11/05/2021,16/11/2022
2,30/11/2022,E01257,dca3c562-1372-4428-8ed3-3e891411891d,26/06/2021,
2,30/11/2022,E01164,6d061f2e-d899-4500-b834-696beb986164,26/09/2021,
2,30/11/2022,E01316,39ae92aa-a57e-490e-ae6b-1af76786a37f,18/11/2021,
2,30/11/2022,E00537,78b4262c-8ebc-4370-90d5-02cdd33665da,12/11/2021,
2,30/11/2022,E01522,fa3d652f-b03e-40c6-a43a-cf8cc16e5867,22/12/2021,26/11/2022
2,30/11/2022,E00536,393dfedb-20af-4548-b575-b6b7873fad3b,04/12/2021,
2,30/11/2022,E01157,dc5e8fc9-d67b-4692-a148-d3664b69f824,01/01/2022,
2,30/11/2022,E01358,58ecc08e-5df3-4e9f-ac30-ce92812fb491,23/01/2022,
2,30/11/2022,E01487,854f13d9-874d-4ff4-963d-18f0625db1cd,27/03/2022,
2,30/11/2022,E00320,dda61b88-7425-44d7-967b-283408f36d45,23/03/2022,
2,30/11/2022,E00517,f442f9fa-996c-4042-9cc4-f5b95a080d47,22/03/2022,
2,30/11/2022,E01191,d66e22c6-2ddb-4dc6-a6ff-87f6108108b8,18/03/2022,
2,30/11/2022,E01237,cb2fad4e-83a6-451e-aaec-4fb1c13f6a06,19/03/2022,
2,30/11/2022,E01511,59ce341d-ca3e-43a3-aead-76f137c968f3,27/03/2022,
2,30/11/2022,E00007,a55792b2-b0ac-464e-bcd9-68865662156b,22/04/2022,
2,30/11/2022,E01108,80788ee7-10a5-4a03-8ceb-6a3dd2cb9021,15/04/2022,
2,30/11/2022,E00196,3e60bd53-abcb-421f-a3de-9b99d03e33f2,14/04/2022,
2,30/11/2022,E00600,eb5c42c1-0586-43df-86e8-d561698d1151,08/04/2022,
2,30/11/2022,E00361,2d445ae8-f7fd-4943-bdac-1f574a6f00af,01/04/2022,
2,30/11/2022,E00608,be7fb54f-5fe9-4fb5-a190-7418af1485f0,14/04/2022,
2,30/11/2022,E00597,9d7faeff-5ebb-41ac-834b-c846ba0f9f94,26/04/2022,
2,30/11/2022,E01297,47d2d98e-e1f7-4f9d-a4ac-780f0e79d3f2,28/05/2022,
2,30/11/2022,E01107,0cd88ef3-1ade-41f8-8c75-f1536e1ee2c5,25/05/2022,
2,30/11/2022,E01304,0dfe1639-7a3b-4433-96b3-10b85dee4b70,05/05/2022,
2,30/11/2022,E00371,c2cfa608-7964-4378-894f-44e5cacd8d8b,14/05/2022,
2,30/11/2022,E00088,63f50d91-57c8-4ac0-a819-e110f0ac444d,21/07/2022,
5,30/11/2022,E00184,14e59963-fecc-4d46-9f7f-f351bb1cae45,06/10/2022,
1,30/11/2022,E00001,44eca9c9-0081-4d69-906e-73285b7f6dd2,07/09/2022,
2,30/11/2022,E00596,e2243c1c-b2dd-43a3-ace4-3bbd9d67f131,19/07/2022,
4,30/11/2022,E01218,5e2d8a3d-34d4-4c12-84f1-3c882e377e91,06/11/2022,
2,30/11/2022,E01245,b7507c7b-e4b6-451e-b41a-46c7720e2387,01/07/2022,
5,30/11/2022,E00399,6f8286f0-6651-4472-92e9-10937fff91af,03/08/2022,
2,30/11/2022,E00440,cc242669-3813-4743-9d40-218e6e06d939,15/07/2022,
2,30/11/2022,E01215,798a34bb-3074-4c0c-9075-8ec55a46ae5e,29/07/2022,
2,30/11/2022,E01113,c779f05d-a4e4-4289-9bb8-f97496c48226,17/07/2022,
2,30/11/2022,E00013,243106b5-fdf6-48d8-a776-2cba0f2101bd,08/07/2022,
2,30/11/2022,E00792,af8b5d24-8388-4bca-a188-5f8e452311f4,03/09/2022,
2,30/11/2022,E00800,678a0697-cae4-4b46-850f-ada5fe8f68f3,15/09/2022,
2,30/11/2022,E01032,cb422e90-0e04-43ec-8fdf-26c3c9981a79,20/09/2022,
2,31/12/2022,E00254,72cfee37-b3fa-4e53-b4d1-c31714a77ed7,03/08/2018,
6,31/12/2022,E00688,06cdf58d-254b-4898-935b-cf5fdd44f802,06/06/2022,
2,31/12/2022,E00521,3fd9691b-c2dc-4301-991a-4275948de2c7,01/08/2018,
2,31/12/2022,E01167,0cd856ec-6147-4ea1-8f9c-d51e9d65185d,14/08/2018,
2,31/12/2022,E01123,cc166be3-4e9d-498c-b4f6-3c770c3802a8,24/06/2019,
2,31/12/2022,E01467,7af42bd2-2c49-4d6d-bbfa-d5b4752c4c09,12/06/2020,
2,31/12/2022,E00527,4753ef72-56dc-4dc1-808f-24945cdc441a,12/07/2020,06/12/2022
2,31/12/2022,E00992,930335f1-dcf5-40dd-b700-6ffb1dabc3bb,19/08/2020,
2,31/12/2022,E00529,d1bf02ee-9ab7-4d74-80da-6ff0260ad906,07/09/2020,
2,31/12/2022,E00493,29c5d2d8-c973-42ef-8be3-ae8a30acd762,08/12/2020,
2,31/12/2022,E00533,a0f83941-79a2-47e6-8d56-bde87cf274bd,21/12/2020,
2,31/12/2022,E01321,7cd3edb4-f74f-4fc5-a5cf-4d8c0b4e8e2b,19/01/2021,
2,31/12/2022,E01466,dc729edc-b020-4dce-abbb-5124d0100cc2,24/02/2021,
2,31/12/2022,E00039,6fda7c01-eb5c-4683-b7f4-89113ac98ddf,23/04/2021,
2,31/12/2022,E00400,973c8b5c-3de0-41ab-b25a-148c4673e0f9,07/05/2021,
2,31/12/2022,E00332,7c347f33-970d-4b14-882b-447715eeaf0e,24/05/2021,
2,31/12/2022,E01257,dca3c562-1372-4428-8ed3-3e891411891d,26/06/2021,
2,31/12/2022,E01164,6d061f2e-d899-4500-b834-696beb986164,26/09/2021,
2,31/12/2022,E01316,39ae92aa-a57e-490e-ae6b-1af76786a37f,18/11/2021,
2,31/12/2022,E00537,78b4262c-8ebc-4370-90d5-02cdd33665da,12/11/2021,
3,31/12/2022,E01522,fa3d652f-b03e-40c6-a43a-cf8cc16e5867,03/12/2022,
2,31/12/2022,E00536,393dfedb-20af-4548-b575-b6b7873fad3b,04/12/2021,
2,31/12/2022,E01157,dc5e8fc9-d67b-4692-a148-d3664b69f824,01/01/2022,
2,31/12/2022,E01358,58ecc08e-5df3-4e9f-ac30-ce92812fb491,23/01/2022,
2,31/12/2022,E01487,854f13d9-874d-4ff4-963d-18f0625db1cd,27/03/2022,
2,31/12/2022,E00320,dda61b88-7425-44d7-967b-283408f36d45,23/03/2022,
2,31/12/2022,E00517,f442f9fa-996c-4042-9cc4-f5b95a080d47,22/03/2022,
2,31/12/2022,E01191,d66e22c6-2ddb-4dc6-a6ff-87f6108108b8,18/03/2022,
2,31/12/2022,E01237,cb2fad4e-83a6-451e-aaec-4fb1c13f6a06,19/03/2022,
2,31/12/2022,E01511,59ce341d-ca3e-43a3-aead-76f137c968f3,27/03/2022,
2,31/12/2022,E00007,a55792b2-b0ac-464e-bcd9-68865662156b,22/04/2022,
2,31/12/2022,E01108,80788ee7-10a5-4a03-8ceb-6a3dd2cb9021,15/04/2022,
2,31/12/2022,E00196,3e60bd53-abcb-421f-a3de-9b99d03e33f2,14/04/2022,
2,31/12/2022,E00600,eb5c42c1-0586-43df-86e8-d561698d1151,08/04/2022,
2,31/12/2022,E00361,2d445ae8-f7fd-4943-bdac-1f574a6f00af,01/04/2022,
2,31/12/2022,E00608,be7fb54f-5fe9-4fb5-a190-7418af1485f0,14/04/2022,
2,31/12/2022,E00597,9d7faeff-5ebb-41ac-834b-c846ba0f9f94,26/04/2022,
2,31/12/2022,E01297,47d2d98e-e1f7-4f9d-a4ac-780f0e79d3f2,28/05/2022,
2,31/12/2022,E01107,0cd88ef3-1ade-41f8-8c75-f1536e1ee2c5,25/05/2022,
2,31/12/2022,E01304,0dfe1639-7a3b-4433-96b3-10b85dee4b70,05/05/2022,
2,31/12/2022,E00371,c2cfa608-7964-4378-894f-44e5cacd8d8b,14/05/2022,
2,31/12/2022,E00088,63f50d91-57c8-4ac0-a819-e110f0ac444d,21/07/2022,26/12/2022
5,31/12/2022,E00184,14e59963-fecc-4d46-9f7f-f351bb1cae45,06/10/2022,
1,31/12/2022,E00001,44eca9c9-0081-4d69-906e-73285b7f6dd2,07/09/2022,
2,31/12/2022,E00596,e2243c1c-b2dd-43a3-ace4-3bbd9d67f131,19/07/2022,
4,31/12/2022,E01218,5e2d8a3d-34d4-4c12-84f1-3c882e377e91,06/11/2022,
2,31/12/2022,E01245,b7507c7b-e4b6-451e-b41a-46c7720e2387,01/07/2022,
5,31/12/2022,E00399,6f8286f0-6651-4472-92e9-10937fff91af,03/08/2022,
2,31/12/2022,E00440,cc242669-3813-4743-9d40-218e6e06d939,15/07/2022,
2,31/12/2022,E01215,798a34bb-3074-4c0c-9075-8ec55a46ae5e,29/07/2022,
2,31/12/2022,E01113,c779f05d-a4e4-4289-9bb8-f97496c48226,17/07/2022,
2,31/12/2022,E00013,243106b5-fdf6-48d8-a776-2cba0f2101bd,08/07/2022,
2,31/12/2022,E00792,af8b5d24-8388-4bca-a188-5f8e452311f4,03/09/2022,
2,31/12/2022,E00800,678a0697-cae4-4b46-850f-ada5fe8f68f3,15/09/2022,
2,31/12/2022,E01032,cb422e90-0e04-43ec-8fdf-26c3c9981a79,20/09/2022,
2,31/12/2022,E00960,571bb2e9-7d7a-498f-b8ce-e0f1fcee62dd,07/12/2022,
2,31/12/2022,E00449,06669cb1-4da3-4ba3-9e05-e53c9abe6ea0,24/12/2022,
2,31/12/2022,E00526,de031f58-46a9-4507-aa8c-03bd0e659a09,20/12/2022,
2,31/12/2022,E00625,4027f336-57dc-4540-bd2b-318b27adc85b,08/12/2022,
2,31/12/2022,E00631,cbc6fd83-91a0-4de5-82cd-73db1bdbaa79,26/12/2022,
2,31/12/2022,E00844,33ce4e8c-ecb5-4a12-90ae-81bf280c4dcc,05/12/2022,
2,31/01/2023,E00254,72cfee37-b3fa-4e53-b4d1-c31714a77ed7,03/08/2018,
6,31/01/2023,E00688,06cdf58d-254b-4898-935b-cf5fdd44f802,06/06/2022,
2,31/01/2023,E00521,3fd9691b-c2dc-4301-991a-4275948de2c7,01/08/2018,
2,31/01/2023,E01167,0cd856ec-6147-4ea1-8f9c-d51e9d65185d,14/08/2018,
2,31/01/2023,E01123,cc166be3-4e9d-498c-b4f6-3c770c3802a8,24/06/2019,10/01/2023
2,31/01/2023,E01467,7af42bd2-2c49-4d6d-bbfa-d5b4752c4c09,12/06/2020,
2,31/01/2023,E00992,930335f1-dcf5-40dd-b700-6ffb1dabc3bb,19/08/2020,
2,31/01/2023,E00529,d1bf02ee-9ab7-4d74-80da-6ff0260ad906,07/09/2020,
2,31/01/2023,E00493,29c5d2d8-c973-42ef-8be3-ae8a30acd762,08/12/2020,
2,31/01/2023,E00533,a0f83941-79a2-47e6-8d56-bde87cf274bd,21/12/2020,
2,31/01/2023,E01321,7cd3edb4-f74f-4fc5-a5cf-4d8c0b4e8e2b,19/01/2021,21/01/2023
2,31/01/2023,E01466,dc729edc-b020-4dce-abbb-5124d0100cc2,24/02/2021,
2,31/01/2023,E00039,6fda7c01-eb5c-4683-b7f4-89113ac98ddf,23/04/2021,
2,31/01/2023,E00400,973c8b5c-3de0-41ab-b25a-148c4673e0f9,07/05/2021,
2,31/01/2023,E00332,7c347f33-970d-4b14-882b-447715eeaf0e,24/05/2021,
2,31/01/2023,E01257,dca3c562-1372-4428-8ed3-3e891411891d,26/06/2021,
2,31/01/2023,E01164,6d061f2e-d899-4500-b834-696beb986164,26/09/2021,
2,31/01/2023,E01316,39ae92aa-a57e-490e-ae6b-1af76786a37f,18/11/2021,
2,31/01/2023,E00537,78b4262c-8ebc-4370-90d5-02cdd33665da,12/11/2021,
3,31/01/2023,E01522,fa3d652f-b03e-40c6-a43a-cf8cc16e5867,03/12/2022,16/01/2023
2,31/01/2023,E00536,393dfedb-20af-4548-b575-b6b7873fad3b,04/12/2021,
2,31/01/2023,E01157,dc5e8fc9-d67b-4692-a148-d3664b69f824,01/01/2022,
2,31/01/2023,E01358,58ecc08e-5df3-4e9f-ac30-ce92812fb491,23/01/2022,
2,31/01/2023,E01487,854f13d9-874d-4ff4-963d-18f0625db1cd,27/03/2022,29/01/2023
2,31/01/2023,E00320,dda61b88-7425-44d7-967b-283408f36d45,23/03/2022,
2,31/01/2023,E00517,f442f9fa-996c-4042-9cc4-f5b95a080d47,22/03/2022,
2,31/01/2023,E01191,d66e22c6-2ddb-4dc6-a6ff-87f6108108b8,18/03/2022,
2,31/01/2023,E01237,cb2fad4e-83a6-451e-aaec-4fb1c13f6a06,19/03/2022,
2,31/01/2023,E01511,59ce341d-ca3e-43a3-aead-76f137c968f3,27/03/2022,21/01/2023
2,31/01/2023,E00007,a55792b2-b0ac-464e-bcd9-68865662156b,22/04/2022,
2,31/01/2023,E01108,80788ee7-10a5-4a03-8ceb-6a3dd2cb9021,15/04/2022,
2,31/01/2023,E00196,3e60bd53-abcb-421f-a3de-9b99d03e33f2,14/04/2022,
2,31/01/2023,E00600,eb5c42c1-0586-43df-86e8-d561698d1151,08/04/2022,
2,31/01/2023,E00361,2d445ae8-f7fd-4943-bdac-1f574a6f00af,01/04/2022,
2,31/01/2023,E00608,be7fb54f-5fe9-4fb5-a190-7418af1485f0,14/04/2022,
2,31/01/2023,E00597,9d7faeff-5ebb-41ac-834b-c846ba0f9f94,26/04/2022,07/01/2023
2,31/01/2023,E01297,47d2d98e-e1f7-4f9d-a4ac-780f0e79d3f2,28/05/2022,03/01/2023
2,31/01/2023,E01107,0cd88ef3-1ade-41f8-8c75-f1536e1ee2c5,25/05/2022,
2,31/01/2023,E01304,0dfe1639-7a3b-4433-96b3-10b85dee4b70,05/05/2022,
2,31/01/2023,E00371,c2cfa608-7964-4378-894f-44e5cacd8d8b,14/05/2022,
5,31/01/2023,E00184,14e59963-fecc-4d46-9f7f-f351bb1cae45,06/10/2022,
1,31/01/2023,E00001,44eca9c9-0081-4d69-906e-73285b7f6dd2,07/09/2022,
2,31/01/2023,E00596,e2243c1c-b2dd-43a3-ace4-3bbd9d67f131,19/07/2022,
4,31/01/2023,E01218,5e2d8a3d-34d4-4c12-84f1-3c882e377e91,06/11/2022,
2,31/01/2023,E01245,b7507c7b-e4b6-451e-b41a-46c7720e2387,01/07/2022,
5,31/01/2023,E00399,6f8286f0-6651-4472-92e9-10937fff91af,03/08/2022,
2,31/01/2023,E00440,cc242669-3813-4743-9d40-218e6e06d939,15/07/2022,
2,31/01/2023,E01215,798a34bb-3074-4c0c-9075-8ec55a46ae5e,29/07/2022,
2,31/01/2023,E01113,c779f05d-a4e4-4289-9bb8-f97496c48226,17/07/2022,
2,31/01/2023,E00013,243106b5-fdf6-48d8-a776-2cba0f2101bd,08/07/2022,
2,31/01/2023,E00792,af8b5d24-8388-4bca-a188-5f8e452311f4,03/09/2022,
2,31/01/2023,E00800,678a0697-cae4-4b46-850f-ada5fe8f68f3,15/09/2022,17/01/2023
2,31/01/2023,E01032,cb422e90-0e04-43ec-8fdf-26c3c9981a79,20/09/2022,
2,31/01/2023,E00960,571bb2e9-7d7a-498f-b8ce-e0f1fcee62dd,07/12/2022,
2,31/01/2023,E00449,06669cb1-4da3-4ba3-9e05-e53c9abe6ea0,24/12/2022,
2,31/01/2023,E00526,de031f58-46a9-4507-aa8c-03bd0e659a09,20/12/2022,
2,31/01/2023,E00625,4027f336-57dc-4540-bd2b-318b27adc85b,08/12/2022,
2,31/01/2023,E00631,cbc6fd83-91a0-4de5-82cd-73db1bdbaa79,26/12/2022,04/01/2023
2,31/01/2023,E00844,33ce4e8c-ecb5-4a12-90ae-81bf280c4dcc,05/12/2022,05/01/2023
2,28/02/2023,E00254,72cfee37-b3fa-4e53-b4d1-c31714a77ed7,03/08/2018,
6,28/02/2023,E00688,06cdf58d-254b-4898-935b-cf5fdd44f802,06/06/2022,
2,28/02/2023,E00521,3fd9691b-c2dc-4301-991a-4275948de2c7,01/08/2018,
2,28/02/2023,E01167,0cd856ec-6147-4ea1-8f9c-d51e9d65185d,14/08/2018,
2,28/02/2023,E01467,7af42bd2-2c49-4d6d-bbfa-d5b4752c4c09,12/06/2020,
2,28/02/2023,E00992,930335f1-dcf5-40dd-b700-6ffb1dabc3bb,19/08/2020,
2,28/02/2023,E00529,d1bf02ee-9ab7-4d74-80da-6ff0260ad906,07/09/2020,
2,28/02/2023,E00493,29c5d2d8-c973-42ef-8be3-ae8a30acd762,08/12/2020,
2,28/02/2023,E00533,a0f83941-79a2-47e6-8d56-bde87cf274bd,21/12/2020,
2,28/02/2023,E01466,dc729edc-b020-4dce-abbb-5124d0100cc2,24/02/2021,
2,28/02/2023,E00039,6fda7c01-eb5c-4683-b7f4-89113ac98ddf,23/04/2021,
2,28/02/2023,E00400,973c8b5c-3de0-41ab-b25a-148c4673e0f9,07/05/2021,
2,28/02/2023,E00332,7c347f33-970d-4b14-882b-447715eeaf0e,24/05/2021,
2,28/02/2023,E01257,dca3c562-1372-4428-8ed3-3e891411891d,26/06/2021,
2,28/02/2023,E01164,6d061f2e-d899-4500-b834-696beb986164,26/09/2021,
2,28/02/2023,E01316,39ae92aa-a57e-490e-ae6b-1af76786a37f,18/11/2021,
2,28/02/2023,E00537,78b4262c-8ebc-4370-90d5-02cdd33665da,12/11/2021,25/02/2023
2,28/02/2023,E00536,393dfedb-20af-4548-b575-b6b7873fad3b,04/12/2021,24/02/2023
2,28/02/2023,E01157,dc5e8fc9-d67b-4692-a148-d3664b69f824,01/01/2022,
2,28/02/2023,E01358,58ecc08e-5df3-4e9f-ac30-ce92812fb491,23/01/2022,
1,28/02/2023,E01487,854f13d9-874d-4ff4-963d-18f0625db1cd,01/02/2023,
2,28/02/2023,E00320,dda61b88-7425-44d7-967b-283408f36d45,23/03/2022,
2,28/02/2023,E00517,f442f9fa-996c-4042-9cc4-f5b95a080d47,22/03/2022,
2,28/02/2023,E01191,d66e22c6-2ddb-4dc6-a6ff-87f6108108b8,18/03/2022,
2,28/02/2023,E01237,cb2fad4e-83a6-451e-aaec-4fb1c13f6a06,19/03/2022,28/02/2023
2,28/02/2023,E00007,a55792b2-b0ac-464e-bcd9-68865662156b,22/04/2022,
2,28/02/2023,E01108,80788ee7-10a5-4a03-8ceb-6a3dd2cb9021,15/04/2022,
2,28/02/2023,E00196,3e60bd53-abcb-421f-a3de-9b99d03e33f2,14/04/2022,
2,28/02/2023,E00600,eb5c42c1-0586-43df-86e8-d561698d1151,08/04/2022,
2,28/02/2023,E00361,2d445ae8-f7fd-4943-bdac-1f574a6f00af,01/04/2022,
2,28/02/2023,E00608,be7fb54f-5fe9-4fb5-a190-7418af1485f0,14/04/2022,
2,28/02/2023,E01107,0cd88ef3-1ade-41f8-8c75-f1536e1ee2c5,25/05/2022,
2,28/02/2023,E01304,0dfe1639-7a3b-4433-96b3-10b85dee4b70,05/05/2022,
2,28/02/2023,E00371,c2cfa608-7964-4378-894f-44e5cacd8d8b,14/05/2022,
5,28/02/2023,E00184,14e59963-fecc-4d46-9f7f-f351bb1cae45,06/10/2022,16/02/2023
1,28/02/2023,E00001,44eca9c9-0081-4d69-906e-73285b7f6dd2,07/09/2022,
2,28/02/2023,E00596,e2243c1c-b2dd-43a3-ace4-3bbd9d67f131,19/07/2022,
4,28/02/2023,E01218,5e2d8a3d-34d4-4c12-84f1-3c882e377e91,06/11/2022,
2,28/02/2023,E01245,b7507c7b-e4b6-451e-b41a-46c7720e2387,01/07/2022,
5,28/02/2023,E00399,6f8286f0-6651-4472-92e9-10937fff91af,03/08/2022,
2,28/02/2023,E00440,cc242669-3813-4743-9d40-218e6e06d939,15/07/2022,14/02/2023
2,28/02/2023,E01215,798a34bb-3074-4c0c-9075-8ec55a46ae5e,29/07/2022,
2,28/02/2023,E01113,c779f05d-a4e4-4289-9bb8-f97496c48226,17/07/2022,
2,28/02/2023,E00013,243106b5-fdf6-48d8-a776-2cba0f2101bd,08/07/2022,
2,28/02/2023,E00792,af8b5d24-8388-4bca-a188-5f8e452311f4,03/09/2022,
2,28/02/2023,E01032,cb422e90-0e04-43ec-8fdf-26c3c9981a79,20/09/2022,
2,28/02/2023,E00960,571bb2e9-7d7a-498f-b8ce-e0f1fcee62dd,07/12/2022,
2,28/02/2023,E00449,06669cb1-4da3-4ba3-9e05-e53c9abe6ea0,24/12/2022,
2,28/02/2023,E00526,de031f58-46a9-4507-aa8c-03bd0e659a09,20/12/2022,
2,28/02/2023,E00625,4027f336-57dc-4540-bd2b-318b27adc85b,08/12/2022,
2,31/03/2023,E00254,72cfee37-b3fa-4e53-b4d1-c31714a77ed7,03/08/2018,
6,31/03/2023,E00688,06cdf58d-254b-4898-935b-cf5fdd44f802,06/06/2022,
2,31/03/2023,E00521,3fd9691b-c2dc-4301-991a-4275948de2c7,01/08/2018,
2,31/03/2023,E01167,0cd856ec-6147-4ea1-8f9c-d51e9d65185d,14/08/2018,29/03/2023
2,31/03/2023,E01467,7af42bd2-2c49-4d6d-bbfa-d5b4752c4c09,12/06/2020,
2,31/03/2023,E00992,930335f1-dcf5-40dd-b700-6ffb1dabc3bb,19/08/2020,
2,31/03/2023,E00529,d1bf02ee-9ab7-4d74-80da-6ff0260ad906,07/09/2020,
2,31/03/2023,E00493,29c5d2d8-c973-42ef-8be3-ae8a30acd762,08/12/2020,
2,31/03/2023,E00533,a0f83941-79a2-47e6-8d56-bde87cf274bd,21/12/2020,
2,31/03/2023,E01466,dc729edc-b020-4dce-abbb-5124d0100cc2,24/02/2021,
2,31/03/2023,E00039,6fda7c01-eb5c-4683-b7f4-89113ac98ddf,23/04/2021,
2,31/03/2023,E00400,973c8b5c-3de0-41ab-b25a-148c4673e0f9,07/05/2021,
2,31/03/2023,E00332,7c347f33-970d-4b14-882b-447715eeaf0e,24/05/2021,
2,31/03/2023,E01257,dca3c562-1372-4428-8ed3-3e891411891d,26/06/2021,
2,31/03/2023,E01164,6d061f2e-d899-4500-b834-696beb986164,26/09/2021,
2,31/03/2023,E01316,39ae92aa-a57e-490e-ae6b-1af76786a37f,18/11/2021,
2,31/03/2023,E01157,dc5e8fc9-d67b-4692-a148-d3664b69f824,01/01/2022,
2,31/03/2023,E01358,58ecc08e-5df3-4e9f-ac30-ce92812fb491,23/01/2022,08/03/2023
1,31/03/2023,E01487,854f13d9-874d-4ff4-963d-18f0625db1cd,01/02/2023,
2,31/03/2023,E00320,dda61b88-7425-44d7-967b-283408f36d45,23/03/2022,
2,31/03/2023,E00517,f442f9fa-996c-4042-9cc4-f5b95a080d47,22/03/2022,
2,31/03/2023,E01191,d66e22c6-2ddb-4dc6-a6ff-87f6108108b8,18/03/2022,
6,31/03/2023,E01237,cb2fad4e-83a6-451e-aaec-4fb1c13f6a06,05/03/2023,
2,31/03/2023,E00007,a55792b2-b0ac-464e-bcd9-68865662156b,22/04/2022,
2,31/03/2023,E01108,80788ee7-10a5-4a03-8ceb-6a3dd2cb9021,15/04/2022,
2,31/03/2023,E00196,3e60bd53-abcb-421f-a3de-9b99d03e33f2,14/04/2022,
2,31/03/2023,E00600,eb5c42c1-0586-43df-86e8-d561698d1151,08/04/2022,
2,31/03/2023,E00361,2d445ae8-f7fd-4943-bdac-1f574a6f00af,01/04/2022,
2,31/03/2023,E00608,be7fb54f-5fe9-4fb5-a190-7418af1485f0,14/04/2022,
2,31/03/2023,E01107,0cd88ef3-1ade-41f8-8c75-f1536e1ee2c5,25/05/2022,
2,31/03/2023,E01304,0dfe1639-7a3b-4433-96b3-10b85dee4b70,05/05/2022,
2,31/03/2023,E00371,c2cfa608-7964-4378-894f-44e5cacd8d8b,14/05/2022,
3,31/03/2023,E00088,63f50d91-57c8-4ac0-a819-e110f0ac444d,05/01/2023,
1,31/03/2023,E00001,44eca9c9-0081-4d69-906e-73285b7f6dd2,07/09/2022,
2,31/03/2023,E00596,e2243c1c-b2dd-43a3-ace4-3bbd9d67f131,19/07/2022,
4,31/03/2023,E01218,5e2d8a3d-34d4-4c12-84f1-3c882e377e91,06/11/2022,
2,31/03/2023,E01245,b7507c7b-e4b6-451e-b41a-46c7720e2387,01/07/2022,
5,31/03/2023,E00399,6f8286f0-6651-4472-92e9-10937fff91af,03/08/2022,
2,31/03/2023,E01215,798a34bb-3074-4c0c-9075-8ec55a46ae5e,29/07/2022,
2,31/03/2023,E01113,c779f05d-a4e4-4289-9bb8-f97496c48226,17/07/2022,
2,31/03/2023,E00013,243106b5-fdf6-48d8-a776-2cba0f2101bd,08/07/2022,
2,31/03/2023,E00792,af8b5d24-8388-4bca-a188-5f8e452311f4,03/09/2022,
2,31/03/2023,E01032,cb422e90-0e04-43ec-8fdf-26c3c9981a79,20/09/2022,
2,31/03/2023,E00960,571bb2e9-7d7a-498f-b8ce-e0f1fcee62dd,07/12/2022,
2,31/03/2023,E00449,06669cb1-4da3-4ba3-9e05-e53c9abe6ea0,24/12/2022,
2,31/03/2023,E00526,de031f58-46a9-4507-aa8c-03bd0e659a09,20/12/2022,
2,31/03/2023,E00625,4027f336-57dc-4540-bd2b-318b27adc85b,08/12/2022,
2,31/03/2023,E01129,cfc641bc-a7e7-49f1-bf70-9f49d7aa082c,25/03/2023,
2,31/03/2023,E00024,57fc2d5f-1d5f-4265-b713-1e390bec532d,18/03/2023,
2,31/03/2023,E01112,6dd340d5-b256-4686-8c6a-ca96346d931f,06/03/2023,
2,31/03/2023,E01514,8a3ad32b-ad80-4b33-b246-4396d9eeffb0,03/03/2023,
2,31/03/2023,E00978,ed716cf3-f0dd-44ae-befa-c59de0270b3e,18/03/2023,
2,30/04/2023,E00254,72cfee37-b3fa-4e53-b4d1-c31714a77ed7,03/08/2018,
6,30/04/2023,E00688,06cdf58d-254b-4898-935b-cf5fdd44f802,06/06/2022,
2,30/04/2023,E00521,3fd9691b-c2dc-4301-991a-4275948de2c7,01/08/2018,
2,30/04/2023,E01467,7af42bd2-2c49-4d6d-bbfa-d5b4752c4c09,12/06/2020,
2,30/04/2023,E00992,930335f1-dcf5-40dd-b700-6ffb1dabc3bb,19/08/2020,
2,30/04/2023,E00529,d1bf02ee-9ab7-4d74-80da-6ff0260ad906,07/09/2020,
2,30/04/2023,E00493,29c5d2d8-c973-42ef-8be3-ae8a30acd762,08/12/2020,
2,30/04/2023,E00533,a0f83941-79a2-47e6-8d56-bde87cf274bd,21/12/2020,
2,30/04/2023,E01466,dc729edc-b020-4dce-abbb-5124d0100cc2,24/02/2021,
2,30/04/2023,E00039,6fda7c01-eb5c-4683-b7f4-89113ac98ddf,23/04/2021,
2,30/04/2023,E00400,973c8b5c-3de0-41ab-b25a-148c4673e0f9,07/05/2021,
2,30/04/2023,E00332,7c347f33-970d-4b14-882b-447715eeaf0e,24/05/2021,
2,30/04/2023,E01257,dca3c562-1372-4428-8ed3-3e891411891d,26/06/2021,
2,30/04/2023,E01164,6d061f2e-d899-4500-b834-696beb986164,26/09/2021,
2,30/04/2023,E01316,39ae92aa-a57e-490e-ae6b-1af76786a37f,18/11/2021,
2,30/04/2023,E01157,dc5e8fc9-d67b-4692-a148-d3664b69f824,01/01/2022,
1,30/04/2023,E01487,854f13d9-874d-4ff4-963d-18f0625db1cd,01/02/2023,
2,30/04/2023,E00320,dda61b88-7425-44d7-967b-283408f36d45,23/03/2022,
2,30/04/2023,E00517,f442f9fa-996c-4042-9cc4-f5b95a080d47,22/03/2022,
2,30/04/2023,E01191,d66e22c6-2ddb-4dc6-a6ff-87f6108108b8,18/03/2022,
6,30/04/2023,E01237,cb2fad4e-83a6-451e-aaec-4fb1c13f6a06,05/03/2023,
2,30/04/2023,E00007,a55792b2-b0ac-464e-bcd9-68865662156b,22/04/2022,
2,30/04/2023,E01108,80788ee7-10a5-4a03-8ceb-6a3dd2cb9021,15/04/2022,
2,30/04/2023,E00196,3e60bd53-abcb-421f-a3de-9b99d03e33f2,14/04/2022,
2,30/04/2023,E00600,eb5c42c1-0586-43df-86e8-d561698d1151,08/04/2022,30/04/2023
2,30/04/2023,E00361,2d445ae8-f7fd-4943-bdac-1f574a6f00af,01/04/2022,
2,30/04/2023,E00608,be7fb54f-5fe9-4fb5-a190-7418af1485f0,14/04/2022,
2,30/04/2023,E01107,0cd88ef3-1ade-41f8-8c75-f1536e1ee2c5,25/05/2022,
2,30/04/2023,E01304,0dfe1639-7a3b-4433-96b3-10b85dee4b70,05/05/2022,
2,30/04/2023,E00371,c2cfa608-7964-4378-894f-44e5cacd8d8b,14/05/2022,
3,30/04/2023,E00088,63f50d91-57c8-4ac0-a819-e110f0ac444d,05/01/2023,
1,30/04/2023,E00001,44eca9c9-0081-4d69-906e-73285b7f6dd2,07/09/2022,
2,30/04/2023,E00596,e2243c1c-b2dd-43a3-ace4-3bbd9d67f131,19/07/2022,
4,30/04/2023,E01218,5e2d8a3d-34d4-4c12-84f1-3c882e377e91,06/11/2022,
2,30/04/2023,E01245,b7507c7b-e4b6-451e-b41a-46c7720e2387,01/07/2022,
5,30/04/2023,E00399,6f8286f0-6651-4472-92e9-10937fff91af,03/08/2022,
2,30/04/2023,E01215,798a34bb-3074-4c0c-9075-8ec55a46ae5e,29/07/2022,
2,30/04/2023,E01113,c779f05d-a4e4-4289-9bb8-f97496c48226,17/07/2022,
2,30/04/2023,E00013,243106b5-fdf6-48d8-a776-2cba0f2101bd,08/07/2022,
2,30/04/2023,E00792,af8b5d24-8388-4bca-a188-5f8e452311f4,03/09/2022,
2,30/04/2023,E01032,cb422e90-0e04-43ec-8fdf-26c3c9981a79,20/09/2022,
2,30/04/2023,E00960,571bb2e9-7d7a-498f-b8ce-e0f1fcee62dd,07/12/2022,
2,30/04/2023,E00449,06669cb1-4da3-4ba3-9e05-e53c9abe6ea0,24/12/2022,
2,30/04/2023,E00526,de031f58-46a9-4507-aa8c-03bd0e659a09,20/12/2022,
2,30/04/2023,E00625,4027f336-57dc-4540-bd2b-318b27adc85b,08/12/2022,
2,30/04/2023,E01129,cfc641bc-a7e7-49f1-bf70-9f49d7aa082c,25/03/2023,
2,30/04/2023,E00024,57fc2d5f-1d5f-4265-b713-1e390bec532d,18/03/2023,
2,30/04/2023,E01112,6dd340d5-b256-4686-8c6a-ca96346d931f,06/03/2023,
2,30/04/2023,E01514,8a3ad32b-ad80-4b33-b246-4396d9eeffb0,03/03/2023,
2,30/04/2023,E00978,ed716cf3-f0dd-44ae-befa-c59de0270b3e,18/03/2023,
2,30/04/2023,E00602,555582e2-f90a-45b0-acbd-5746d5a825f3,21/04/2023,
2,30/04/2023,E00742,3c4f1f64-d2e5-41fa-b003-68c9d6e14350,30/04/2023,
2,31/05/2023,E00254,72cfee37-b3fa-4e53-b4d1-c31714a77ed7,03/08/2018,
6,31/05/2023,E00688,06cdf58d-254b-4898-935b-cf5fdd44f802,06/06/2022,
2,31/05/2023,E00521,3fd9691b-c2dc-4301-991a-4275948de2c7,01/08/2018,
2,31/05/2023,E01467,7af42bd2-2c49-4d6d-bbfa-d5b4752c4c09,12/06/2020,
2,31/05/2023,E00992,930335f1-dcf5-40dd-b700-6ffb1dabc3bb,19/08/2020,
2,31/05/2023,E00529,d1bf02ee-9ab7-4d74-80da-6ff0260ad906,07/09/2020,
2,31/05/2023,E00493,29c5d2d8-c973-42ef-8be3-ae8a30acd762,08/12/2020,08/05/2023
2,31/05/2023,E00533,a0f83941-79a2-47e6-8d56-bde87cf274bd,21/12/2020,
2,31/05/2023,E01466,dc729edc-b020-4dce-abbb-5124d0100cc2,24/02/2021,
2,31/05/2023,E00039,6fda7c01-eb5c-4683-b7f4-89113ac98ddf,23/04/2021,
2,31/05/2023,E00400,973c8b5c-3de0-41ab-b25a-148c4673e0f9,07/05/2021,
2,31/05/2023,E00332,7c347f33-970d-4b14-882b-447715eeaf0e,24/05/2021,
2,31/05/2023,E01257,dca3c562-1372-4428-8ed3-3e891411891d,26/06/2021,
2,31/05/2023,E01164,6d061f2e-d899-4500-b834-696beb986164,26/09/2021,
2,31/05/2023,E01316,39ae92aa-a57e-490e-ae6b-1af76786a37f,18/11/2021,
2,31/05/2023,E01157,dc5e8fc9-d67b-4692-a148-d3664b69f824,01/01/2022,
1,31/05/2023,E01487,854f13d9-874d-4ff4-963d-18f0625db1cd,01/02/2023,
2,31/05/2023,E00320,dda61b88-7425-44d7-967b-283408f36d45,23/03/2022,
2,31/05/2023,E00517,f442f9fa-996c-4042-9cc4-f5b95a080d47,22/03/2022,
2,31/05/2023,E01191,d66e22c6-2ddb-4dc6-a6ff-87f6108108b8,18/03/2022,
6,31/05/2023,E01237,cb2fad4e-83a6-451e-aaec-4fb1c13f6a06,05/03/2023,
2,31/05/2023,E00007,a55792b2-b0ac-464e-bcd9-68865662156b,22/04/2022,
2,31/05/2023,E01108,80788ee7-10a5-4a03-8ceb-6a3dd2cb9021,15/04/2022,
2,31/05/2023,E00196,3e60bd53-abcb-421f-a3de-9b99d03e33f2,14/04/2022,
2,31/05/2023,E00361,2d445ae8-f7fd-4943-bdac-1f574a6f00af,01/04/2022,
2,31/05/2023,E00608,be7fb54f-5fe9-4fb5-a190-7418af1485f0,14/04/2022,
2,31/05/2023,E01107,0cd88ef3-1ade-41f8-8c75-f1536e1ee2c5,25/05/2022,
2,31/05/2023,E01304,0dfe1639-7a3b-4433-96b3-10b85dee4b70,05/05/2022,
2,31/05/2023,E00371,c2cfa608-7964-4378-894f-44e5cacd8d8b,14/05/2022,
3,31/05/2023,E00088,63f50d91-57c8-4ac0-a819-e110f0ac444d,05/01/2023,
1,31/05/2023,E00001,44eca9c9-0081-4d69-906e-73285b7f6dd2,07/09/2022,
2,31/05/2023,E00596,e2243c1c-b2dd-43a3-ace4-3bbd9d67f131,19/07/2022,
4,31/05/2023,E01218,5e2d8a3d-34d4-4c12-84f1-3c882e377e91,06/11/2022,
2,31/05/2023,E01245,b7507c7b-e4b6-451e-b41a-46c7720e2387,01/07/2022,
5,31/05/2023,E00399,6f8286f0-6651-4472-92e9-10937fff91af,03/08/2022,
2,31/05/2023,E01215,798a34bb-3074-4c0c-9075-8ec55a46ae5e,29/07/2022,
2,31/05/2023,E01113,c779f05d-a4e4-4289-9bb8-f97496c48226,17/07/2022,
2,31/05/2023,E00013,243106b5-fdf6-48d8-a776-2cba0f2101bd,08/07/2022,
2,31/05/2023,E00792,af8b5d24-8388-4bca-a188-5f8e452311f4,03/09/2022,
2,31/05/2023,E01032,cb422e90-0e04-43ec-8fdf-26c3c9981a79,20/09/2022,
2,31/05/2023,E00960,571bb2e9-7d7a-498f-b8ce-e0f1fcee62dd,07/12/2022,26/05/2023
2,31/05/2023,E00449,06669cb1-4da3-4ba3-9e05-e53c9abe6ea0,24/12/2022,
2,31/05/2023,E00526,de031f58-46a9-4507-aa8c-03bd0e659a09,20/12/2022,
2,31/05/2023,E00625,4027f336-57dc-4540-bd2b-318b27adc85b,08/12/2022,
2,31/05/2023,E01129,cfc641bc-a7e7-49f1-bf70-9f49d7aa082c,25/03/2023,
2,31/05/2023,E00024,57fc2d5f-1d5f-4265-b713-1e390bec532d,18/03/2023,
2,31/05/2023,E01112,6dd340d5-b256-4686-8c6a-ca96346d931f,06/03/2023,
2,31/05/2023,E01514,8a3ad32b-ad80-4b33-b246-4396d9eeffb0,03/03/2023,
2,31/05/2023,E00978,ed716cf3-f0dd-44ae-befa-c59de0270b3e,18/03/2023,
2,31/05/2023,E00602,555582e2-f90a-45b0-acbd-5746d5a825f3,21/04/2023,
2,31/05/2023,E00742,3c4f1f64-d2e5-41fa-b003-68c9d6e14350,30/04/2023,
2,31/05/2023,E00675,2faeb93b-3372-4690-bf88-c10d4d5a7d3b,12/05/2023,
2,31/05/2023,E01202,2d453beb-5c77-4ff6-bbd1-d4ba1a58d896,14/05/2023,
2,31/05/2023,E01199,41d6c566-f8ff-46e8-ba06-d4ccce655aaf,11/05/2023,
2,31/05/2023,E00372,2960caae-b88f-4bb4-9d23-7145115f7503,15/05/2023,
2,31/05/2023,E01016,18807f16-51f7-4d3f-8ef3-e7a4d2235eff,02/05/2023,
2,31/05/2023,E01152,9b3751cb-3cfa-475b-952a-2401acd45be6,30/05/2023,
2,31/05/2023,E01079,ffec39fc-886d-4e95-a4a0-23df93134fd3,09/05/2023,
2,30/06/2023,E00254,72cfee37-b3fa-4e53-b4d1-c31714a77ed7,03/08/2018,
6,30/06/2023,E00688,06cdf58d-254b-4898-935b-cf5fdd44f802,06/06/2022,
2,30/06/2023,E00521,3fd9691b-c2dc-4301-991a-4275948de2c7,01/08/2018,
2,30/06/2023,E01467,7af42bd2-2c49-4d6d-bbfa-d5b4752c4c09,12/06/2020,
2,30/06/2023,E00992,930335f1-dcf5-40dd-b700-6ffb1dabc3bb,19/08/2020,
2,30/06/2023,E00529,d1bf02ee-9ab7-4d74-80da-6ff0260ad906,07/09/2020,
2,30/06/2023,E00533,a0f83941-79a2-47e6-8d56-bde87cf274bd,21/12/2020,
2,30/06/2023,E01466,dc729edc-b020-4dce-abbb-5124d0100cc2,24/02/2021,
2,30/06/2023,E00039,6fda7c01-eb5c-4683-b7f4-89113ac98ddf,23/04/2021,
2,30/06/2023,E00400,973c8b5c-3de0-41ab-b25a-148c4673e0f9,07/05/2021,
2,30/06/2023,E00332,7c347f33-970d-4b14-882b-447715eeaf0e,24/05/2021,09/06/2023
2,30/06/2023,E01257,dca3c562-1372-4428-8ed3-3e891411891d,26/06/2021,
2,30/06/2023,E01164,6d061f2e-d899-4500-b834-696beb986164,26/09/2021,
2,30/06/2023,E01316,39ae92aa-a57e-490e-ae6b-1af76786a37f,18/11/2021,
2,30/06/2023,E01157,dc5e8fc9-d67b-4692-a148-d3664b69f824,01/01/2022,
1,30/06/2023,E01487,854f13d9-874d-4ff4-963d-18f0625db1cd,01/02/2023,
2,30/06/2023,E00320,dda61b88-7425-44d7-967b-283408f36d45,23/03/2022,
2,30/06/2023,E00517,f442f9fa-996c-4042-9cc4-f5b95a080d47,22/03/2022,
2,30/06/2023,E01191,d66e22c6-2ddb-4dc6-a6ff-87f6108108b8,18/03/2022,
6,30/06/2023,E01237,cb2fad4e-83a6-451e-aaec-4fb1c13f6a06,05/03/2023,
2,30/06/2023,E00007,a55792b2-b0ac-464e-bcd9-68865662156b,22/04/2022,
2,30/06/2023,E01108,80788ee7-10a5-4a03-8ceb-6a3dd2cb9021,15/04/2022,
2,30/06/2023,E00196,3e60bd53-abcb-421f-a3de-9b99d03e33f2,14/04/2022,
2,30/06/2023,E00361,2d445ae8-f7fd-4943-bdac-1f574a6f00af,01/04/2022,
2,30/06/2023,E00608,be7fb54f-5fe9-4fb5-a190-7418af1485f0,14/04/2022,
2,30/06/2023,E01107,0cd88ef3-1ade-41f8-8c75-f1536e1ee2c5,25/05/2022,
2,30/06/2023,E01304,0dfe1639-7a3b-4433-96b3-10b85dee4b70,05/05/2022,
2,30/06/2023,E00371,c2cfa608-7964-4378-894f-44e5cacd8d8b,14/05/2022,
3,30/06/2023,E00088,63f50d91-57c8-4ac0-a819-e110f0ac444d,05/01/2023,
1,30/06/2023,E00001,44eca9c9-0081-4d69-906e-73285b7f6dd2,07/09/2022,
2,30/06/2023,E00596,e2243c1c-b2dd-43a3-ace4-3bbd9d67f131,19/07/2022,
4,30/06/2023,E01218,5e2d8a3d-34d4-4c12-84f1-3c882e377e91,06/11/2022,
2,30/06/2023,E01245,b7507c7b-e4b6-451e-b41a-46c7720e2387,01/07/2022,
5,30/06/2023,E00399,6f8286f0-6651-4472-92e9-10937fff91af,03/08/2022,
2,30/06/2023,E01215,798a34bb-3074-4c0c-9075-8ec55a46ae5e,29/07/2022,
2,30/06/2023,E01113,c779f05d-a4e4-4289-9bb8-f97496c48226,17/07/2022,
2,30/06/2023,E00013,243106b5-fdf6-48d8-a776-2cba0f2101bd,08/07/2022,
2,30/06/2023,E00792,af8b5d24-8388-4bca-a188-5f8e452311f4,03/09/2022,
2,30/06/2023,E01032,cb422e90-0e04-43ec-8fdf-26c3c9981a79,20/09/2022,
5,30/06/2023,E00960,571bb2e9-7d7a-498f-b8ce-e0f1fcee62dd,07/06/2023,
2,30/06/2023,E00449,06669cb1-4da3-4ba3-9e05-e53c9abe6ea0,24/12/2022,
2,30/06/2023,E00526,de031f58-46a9-4507-aa8c-03bd0e659a09,20/12/2022,
2,30/06/2023,E00625,4027f336-57dc-4540-bd2b-318b27adc85b,08/12/2022,
2,30/06/2023,E01129,cfc641bc-a7e7-49f1-bf70-9f49d7aa082c,25/03/2023,
2,30/06/2023,E00024,57fc2d5f-1d5f-4265-b713-1e390bec532d,18/03/2023,
2,30/06/2023,E01112,6dd340d5-b256-4686-8c6a-ca96346d931f,06/03/2023,
2,30/06/2023,E01514,8a3ad32b-ad80-4b33-b246-4396d9eeffb0,03/03/2023,
2,30/06/2023,E00978,ed716cf3-f0dd-44ae-befa-c59de0270b3e,18/03/2023,
2,30/06/2023,E00602,555582e2-f90a-45b0-acbd-5746d5a825f3,21/04/2023,
2,30/06/2023,E00742,3c4f1f64-d2e5-41fa-b003-68c9d6e14350,30/04/2023,
2,30/06/2023,E00675,2faeb93b-3372-4690-bf88-c10d4d5a7d3b,12/05/2023,
2,30/06/2023,E01202,2d453beb-5c77-4ff6-bbd1-d4ba1a58d896,14/05/2023,
2,30/06/2023,E01199,41d6c566-f8ff-46e8-ba06-d4ccce655aaf,11/05/2023,
2,30/06/2023,E00372,2960caae-b88f-4bb4-9d23-7145115f7503,15/05/2023,
2,30/06/2023,E01016,18807f16-51f7-4d3f-8ef3-e7a4d2235eff,02/05/2023,
2,30/06/2023,E01152,9b3751cb-3cfa-475b-952a-2401acd45be6,30/05/2023,19/06/2023
2,30/06/2023,E01079,ffec39fc-886d-4e95-a4a0-23df93134fd3,09/05/2023,
2,30/06/2023,E01264,59077e1e-1a93-4b18-9af6-a19331abf251,18/06/2023,
2,30/06/2023,E00761,3cc9333e-adea-4c95-bddf-6f07ba415832,06/06/2023,
2,30/06/2023,E00950,834f1010-b8eb-4d79-a232-4c43ca585401,09/06/2023,
3,28/02/2019,E00328,76d8652e-69e2-4535-a726-e56578dbe14f,23/02/2019,
3,28/02/2019,E00764,17fd9c12-2d37-4993-b5e6-3a8d3f4ed3ab,18/02/2019,
3,28/02/2019,E01523,22e7b134-44d5-480f-81de-77acd5a9a4d5,28/02/2019,
3,28/02/2019,E00264,2225d921-92c4-4c2d-94d3-a6fdf23048dc,13/02/2019,
3,28/02/2019,E01141,edd1549c-b634-4b80-9ee2-8c7fcbf1fea7,21/02/2019,
3,31/03/2019,E00328,76d8652e-69e2-4535-a726-e56578dbe14f,23/02/2019,
3,31/03/2019,E00764,17fd9c12-2d37-4993-b5e6-3a8d3f4ed3ab,18/02/2019,
3,31/03/2019,E01523,22e7b134-44d5-480f-81de-77acd5a9a4d5,28/02/2019,
3,31/03/2019,E00264,2225d921-92c4-4c2d-94d3-a6fdf23048dc,13/02/2019,
3,31/03/2019,E01141,edd1549c-b634-4b80-9ee2-8c7fcbf1fea7,21/02/2019,
3,30/04/2019,E00328,76d8652e-69e2-4535-a726-e56578dbe14f,23/02/2019,
3,30/04/2019,E00764,17fd9c12-2d37-4993-b5e6-3a8d3f4ed3ab,18/02/2019,
3,30/04/2019,E01523,22e7b134-44d5-480f-81de-77acd5a9a4d5,28/02/2019,
3,30/04/2019,E00264,2225d921-92c4-4c2d-94d3-a6fdf23048dc,13/02/2019,
3,30/04/2019,E01141,edd1549c-b634-4b80-9ee2-8c7fcbf1fea7,21/02/2019,
3,31/05/2019,E00328,76d8652e-69e2-4535-a726-e56578dbe14f,23/02/2019,
3,31/05/2019,E00764,17fd9c12-2d37-4993-b5e6-3a8d3f4ed3ab,18/02/2019,
3,31/05/2019,E01523,22e7b134-44d5-480f-81de-77acd5a9a4d5,28/02/2019,
3,31/05/2019,E00264,2225d921-92c4-4c2d-94d3-a6fdf23048dc,13/02/2019,30/05/2019
3,31/05/2019,E01141,edd1549c-b634-4b80-9ee2-8c7fcbf1fea7,21/02/2019,
3,31/05/2019,E00775,ad0788bf-a175-4f37-b3f3-268fd237eaaa,19/05/2019,
3,30/06/2019,E00328,76d8652e-69e2-4535-a726-e56578dbe14f,23/02/2019,
3,30/06/2019,E00764,17fd9c12-2d37-4993-b5e6-3a8d3f4ed3ab,18/02/2019,
3,30/06/2019,E01523,22e7b134-44d5-480f-81de-77acd5a9a4d5,28/02/2019,
3,30/06/2019,E01141,edd1549c-b634-4b80-9ee2-8c7fcbf1fea7,21/02/2019,
3,30/06/2019,E00775,ad0788bf-a175-4f37-b3f3-268fd237eaaa,19/05/2019,
3,31/07/2019,E00328,76d8652e-69e2-4535-a726-e56578dbe14f,23/02/2019,
3,31/07/2019,E00764,17fd9c12-2d37-4993-b5e6-3a8d3f4ed3ab,18/02/2019,
3,31/07/2019,E01523,22e7b134-44d5-480f-81de-77acd5a9a4d5,28/02/2019,
3,31/07/2019,E01141,edd1549c-b634-4b80-9ee2-8c7fcbf1fea7,21/02/2019,
3,31/07/2019,E00775,ad0788bf-a175-4f37-b3f3-268fd237eaaa,19/05/2019,
3,31/08/2019,E00328,76d8652e-69e2-4535-a726-e56578dbe14f,23/02/2019,
3,31/08/2019,E00764,17fd9c12-2d37-4993-b5e6-3a8d3f4ed3ab,18/02/2019,
3,31/08/2019,E01523,22e7b134-44d5-480f-81de-77acd5a9a4d5,28/02/2019,
3,31/08/2019,E01141,edd1549c-b634-4b80-9ee2-8c7fcbf1fea7,21/02/2019,
3,31/08/2019,E00775,ad0788bf-a175-4f37-b3f3-268fd237eaaa,19/05/2019,
3,30/09/2019,E00328,76d8652e-69e2-4535-a726-e56578dbe14f,23/02/2019,09/09/2019
3,30/09/2019,E00764,17fd9c12-2d37-4993-b5e6-3a8d3f4ed3ab,18/02/2019,
3,30/09/2019,E01523,22e7b134-44d5-480f-81de-77acd5a9a4d5,28/02/2019,
3,30/09/2019,E01141,edd1549c-b634-4b80-9ee2-8c7fcbf1fea7,21/02/2019,
3,30/09/2019,E00775,ad0788bf-a175-4f37-b3f3-268fd237eaaa,19/05/2019,
3,30/09/2019,E00108,b1f9fa8e-ab9d-4263-9f1e-4b96930dace3,21/09/2019,
3,31/10/2019,E00764,17fd9c12-2d37-4993-b5e6-3a8d3f4ed3ab,18/02/2019,
3,31/10/2019,E01523,22e7b134-44d5-480f-81de-77acd5a9a4d5,28/02/2019,
3,31/10/2019,E01141,edd1549c-b634-4b80-9ee2-8c7fcbf1fea7,21/02/2019,
3,31/10/2019,E00775,ad0788bf-a175-4f37-b3f3-268fd237eaaa,19/05/2019,
3,31/10/2019,E00108,b1f9fa8e-ab9d-4263-9f1e-4b96930dace3,21/09/2019,
3,30/11/2019,E00764,17fd9c12-2d37-4993-b5e6-3a8d3f4ed3ab,18/02/2019,
3,30/11/2019,E01523,22e7b134-44d5-480f-81de-77acd5a9a4d5,28/02/2019,
3,30/11/2019,E01141,edd1549c-b634-4b80-9ee2-8c7fcbf1fea7,21/02/2019,
3,30/11/2019,E00775,ad0788bf-a175-4f37-b3f3-268fd237eaaa,19/05/2019,
3,30/11/2019,E00108,b1f9fa8e-ab9d-4263-9f1e-4b96930dace3,21/09/2019,
3,30/11/2019,E00741,cc4bf974-87b2-4649-9f2f-794a59a0ccc2,22/11/2019,
3,31/12/2019,E00764,17fd9c12-2d37-4993-b5e6-3a8d3f4ed3ab,18/02/2019,28/12/2019
3,31/12/2019,E01523,22e7b134-44d5-480f-81de-77acd5a9a4d5,28/02/2019,
3,31/12/2019,E01141,edd1549c-b634-4b80-9ee2-8c7fcbf1fea7,21/02/2019,
3,31/12/2019,E00775,ad0788bf-a175-4f37-b3f3-268fd237eaaa,19/05/2019,
3,31/12/2019,E00108,b1f9fa8e-ab9d-4263-9f1e-4b96930dace3,21/09/2019,
3,31/12/2019,E00741,cc4bf974-87b2-4649-9f2f-794a59a0ccc2,22/11/2019,
3,31/01/2020,E01523,22e7b134-44d5-480f-81de-77acd5a9a4d5,28/02/2019,
3,31/01/2020,E01141,edd1549c-b634-4b80-9ee2-8c7fcbf1fea7,21/02/2019,
3,31/01/2020,E00775,ad0788bf-a175-4f37-b3f3-268fd237eaaa,19/05/2019,
3,31/01/2020,E00108,b1f9fa8e-ab9d-4263-9f1e-4b96930dace3,21/09/2019,
3,31/01/2020,E00741,cc4bf974-87b2-4649-9f2f-794a59a0ccc2,22/11/2019,28/01/2020
3,31/01/2020,E01096,5c94d7fb-6656-4334-96c3-2dec310f8180,07/01/2020,
3,29/02/2020,E01523,22e7b134-44d5-480f-81de-77acd5a9a4d5,28/02/2019,
3,29/02/2020,E01141,edd1549c-b634-4b80-9ee2-8c7fcbf1fea7,21/02/2019,
3,29/02/2020,E00775,ad0788bf-a175-4f37-b3f3-268fd237eaaa,19/05/2019,
3,29/02/2020,E00108,b1f9fa8e-ab9d-4263-9f1e-4b96930dace3,21/09/2019,
6,29/02/2020,E00741,cc4bf974-87b2-4649-9f2f-794a59a0ccc2,04/02/2020,
3,29/02/2020,E01096,5c94d7fb-6656-4334-96c3-2dec310f8180,07/01/2020,
3,31/03/2020,E01523,22e7b134-44d5-480f-81de-77acd5a9a4d5,28/02/2019,
3,31/03/2020,E01141,edd1549c-b634-4b80-9ee2-8c7fcbf1fea7,21/02/2019,
3,31/03/2020,E00775,ad0788bf-a175-4f37-b3f3-268fd237eaaa,19/05/2019,18/03/2020
3,31/03/2020,E00108,b1f9fa8e-ab9d-4263-9f1e-4b96930dace3,21/09/2019,
6,31/03/2020,E00741,cc4bf974-87b2-4649-9f2f-794a59a0ccc2,04/02/2020,
3,31/03/2020,E01096,5c94d7fb-6656-4334-96c3-2dec310f8180,07/01/2020,
3,31/03/2020,E00524,6e347131-f124-4280-a889-3a7a0aab0998,17/03/2020,
3,30/04/2020,E01523,22e7b134-44d5-480f-81de-77acd5a9a4d5,28/02/2019,
3,30/04/2020,E01141,edd1549c-b634-4b80-9ee2-8c7fcbf1fea7,21/02/2019,
3,30/04/2020,E00108,b1f9fa8e-ab9d-4263-9f1e-4b96930dace3,21/09/2019,
6,30/04/2020,E00741,cc4bf974-87b2-4649-9f2f-794a59a0ccc2,04/02/2020,
3,30/04/2020,E01096,5c94d7fb-6656-4334-96c3-2dec310f8180,07/01/2020,
3,30/04/2020,E00524,6e347131-f124-4280-a889-3a7a0aab0998,17/03/2020,
3,31/05/2020,E01523,22e7b134-44d5-480f-81de-77acd5a9a4d5,28/02/2019,
3,31/05/2020,E01141,edd1549c-b634-4b80-9ee2-8c7fcbf1fea7,21/02/2019,
3,31/05/2020,E00108,b1f9fa8e-ab9d-4263-9f1e-4b96930dace3,21/09/2019,
6,31/05/2020,E00741,cc4bf974-87b2-4649-9f2f-794a59a0ccc2,04/02/2020,
3,31/05/2020,E01096,5c94d7fb-6656-4334-96c3-2dec310f8180,07/01/2020,
3,31/05/2020,E00524,6e347131-f124-4280-a889-3a7a0aab0998,17/03/2020,
3,31/05/2020,E00704,c627a77d-3edc-4583-9c68-d3cad66c1c9d,25/05/2020,
3,30/06/2020,E01523,22e7b134-44d5-480f-81de-77acd5a9a4d5,28/02/2019,18/06/2020
3,30/06/2020,E01141,edd1549c-b634-4b80-9ee2-8c7fcbf1fea7,21/02/2019,
3,30/06/2020,E00108,b1f9fa8e-ab9d-4263-9f1e-4b96930dace3,21/09/2019,
6,30/06/2020,E00741,cc4bf974-87b2-4649-9f2f-794a59a0ccc2,04/02/2020,
3,30/06/2020,E01096,5c94d7fb-6656-4334-96c3-2dec310f8180,07/01/2020,
3,30/06/2020,E00524,6e347131-f124-4280-a889-3a7a0aab0998,17/03/2020,
3,30/06/2020,E00704,c627a77d-3edc-4583-9c68-d3cad66c1c9d,25/05/2020,
3,30/06/2020,E01277,facccbb3-ec7d-4956-b475-1ee7f7f90aa9,28/06/2020,
3,31/07/2020,E01141,edd1549c-b634-4b80-9ee2-8c7fcbf1fea7,21/02/2019,
3,31/07/2020,E00108,b1f9fa8e-ab9d-4263-9f1e-4b96930dace3,21/09/2019,
6,31/07/2020,E00741,cc4bf974-87b2-4649-9f2f-794a59a0ccc2,04/02/2020,
3,31/07/2020,E01096,5c94d7fb-6656-4334-96c3-2dec310f8180,07/01/2020,
3,31/07/2020,E00524,6e347131-f124-4280-a889-3a7a0aab0998,17/03/2020,
3,31/07/2020,E00704,c627a77d-3edc-4583-9c68-d3cad66c1c9d,25/05/2020,
3,31/07/2020,E01277,facccbb3-ec7d-4956-b475-1ee7f7f90aa9,28/06/2020,
3,31/08/2020,E01141,edd1549c-b634-4b80-9ee2-8c7fcbf1fea7,21/02/2019,
3,31/08/2020,E00108,b1f9fa8e-ab9d-4263-9f1e-4b96930dace3,21/09/2019,
6,31/08/2020,E00741,cc4bf974-87b2-4649-9f2f-794a59a0ccc2,04/02/2020,
3,31/08/2020,E01096,5c94d7fb-6656-4334-96c3-2dec310f8180,07/01/2020,
3,31/08/2020,E00524,6e347131-f124-4280-a889-3a7a0aab0998,17/03/2020,
3,31/08/2020,E00704,c627a77d-3edc-4583-9c68-d3cad66c1c9d,25/05/2020,
3,31/08/2020,E01277,facccbb3-ec7d-4956-b475-1ee7f7f90aa9,28/06/2020,
3,30/09/2020,E01141,edd1549c-b634-4b80-9ee2-8c7fcbf1fea7,21/02/2019,
3,30/09/2020,E00108,b1f9fa8e-ab9d-4263-9f1e-4b96930dace3,21/09/2019,
6,30/09/2020,E00741,cc4bf974-87b2-4649-9f2f-794a59a0ccc2,04/02/2020,
3,30/09/2020,E01096,5c94d7fb-6656-4334-96c3-2dec310f8180,07/01/2020,17/09/2020
3,30/09/2020,E00524,6e347131-f124-4280-a889-3a7a0aab0998,17/03/2020,
3,30/09/2020,E00704,c627a77d-3edc-4583-9c68-d3cad66c1c9d,25/05/2020,
3,30/09/2020,E01277,facccbb3-ec7d-4956-b475-1ee7f7f90aa9,28/06/2020,
3,30/09/2020,E00023,01f29354-58dc-4064-8410-018ff04c7558,15/09/2020,
3,31/10/2020,E01141,edd1549c-b634-4b80-9ee2-8c7fcbf1fea7,21/02/2019,
3,31/10/2020,E00108,b1f9fa8e-ab9d-4263-9f1e-4b96930dace3,21/09/2019,
6,31/10/2020,E00741,cc4bf974-87b2-4649-9f2f-794a59a0ccc2,04/02/2020,
3,31/10/2020,E00524,6e347131-f124-4280-a889-3a7a0aab0998,17/03/2020,
3,31/10/2020,E00704,c627a77d-3edc-4583-9c68-d3cad66c1c9d,25/05/2020,
3,31/10/2020,E01277,facccbb3-ec7d-4956-b475-1ee7f7f90aa9,28/06/2020,
3,31/10/2020,E00023,01f29354-58dc-4064-8410-018ff04c7558,15/09/2020,
3,31/10/2020,E01281,a79168de-2174-49e8-9eb2-cab264966fc2,20/10/2020,
3,30/11/2020,E01141,edd1549c-b634-4b80-9ee2-8c7fcbf1fea7,21/02/2019,07/11/2020
3,30/11/2020,E00108,b1f9fa8e-ab9d-4263-9f1e-4b96930dace3,21/09/2019,
6,30/11/2020,E00741,cc4bf974-87b2-4649-9f2f-794a59a0ccc2,04/02/2020,
3,30/11/2020,E00524,6e347131-f124-4280-a889-3a7a0aab0998,17/03/2020,
3,30/11/2020,E00704,c627a77d-3edc-4583-9c68-d3cad66c1c9d,25/05/2020,
3,30/11/2020,E01277,facccbb3-ec7d-4956-b475-1ee7f7f90aa9,28/06/2020,
3,30/11/2020,E00023,01f29354-58dc-4064-8410-018ff04c7558,15/09/2020,
3,30/11/2020,E01281,a79168de-2174-49e8-9eb2-cab264966fc2,20/10/2020,
3,30/11/2020,E01424,1cad37dc-be1a-4f57-b734-634774bbc1cd,08/11/2020,
3,30/11/2020,E00512,a5a04599-23c5-4a23-8250-638c6b622bff,13/11/2020,
3,31/12/2020,E00108,b1f9fa8e-ab9d-4263-9f1e-4b96930dace3,21/09/2019,
6,31/12/2020,E00741,cc4bf974-87b2-4649-9f2f-794a59a0ccc2,04/02/2020,
3,31/12/2020,E00524,6e347131-f124-4280-a889-3a7a0aab0998,17/03/2020,
3,31/12/2020,E00704,c627a77d-3edc-4583-9c68-d3cad66c1c9d,25/05/2020,
3,31/12/2020,E01277,facccbb3-ec7d-4956-b475-1ee7f7f90aa9,28/06/2020,
3,31/12/2020,E00023,01f29354-58dc-4064-8410-018ff04c7558,15/09/2020,
3,31/12/2020,E01281,a79168de-2174-49e8-9eb2-cab264966fc2,20/10/2020,
3,31/12/2020,E01424,1cad37dc-be1a-4f57-b734-634774bbc1cd,08/11/2020,
3,31/12/2020,E00512,a5a04599-23c5-4a23-8250-638c6b622bff,13/11/2020,
3,31/01/2021,E00108,b1f9fa8e-ab9d-4263-9f1e-4b96930dace3,21/09/2019,
6,31/01/2021,E00741,cc4bf974-87b2-4649-9f2f-794a59a0ccc2,04/02/2020,15/01/2021
3,31/01/2021,E00524,6e347131-f124-4280-a889-3a7a0aab0998,17/03/2020,
3,31/01/2021,E00704,c627a77d-3edc-4583-9c68-d3cad66c1c9d,25/05/2020,
3,31/01/2021,E01277,facccbb3-ec7d-4956-b475-1ee7f7f90aa9,28/06/2020,
3,31/01/2021,E00023,01f29354-58dc-4064-8410-018ff04c7558,15/09/2020,
3,31/01/2021,E01281,a79168de-2174-49e8-9eb2-cab264966fc2,20/10/2020,
3,31/01/2021,E01424,1cad37dc-be1a-4f57-b734-634774bbc1cd,08/11/2020,
3,31/01/2021,E00512,a5a04599-23c5-4a23-8250-638c6b622bff,13/11/2020,
3,31/01/2021,E00180,970e254a-f0e9-4eb1-ad38-5b1d784441b2,27/01/2021,
3,28/02/2021,E00108,b1f9fa8e-ab9d-4263-9f1e-4b96930dace3,21/09/2019,
3,28/02/2021,E00524,6e347131-f124-4280-a889-3a7a0aab0998,17/03/2020,
3,28/02/2021,E00704,c627a77d-3edc-4583-9c68-d3cad66c1c9d,25/05/2020,
3,28/02/2021,E01277,facccbb3-ec7d-4956-b475-1ee7f7f90aa9,28/06/2020,
3,28/02/2021,E00023,01f29354-58dc-4064-8410-018ff04c7558,15/09/2020,
3,28/02/2021,E01281,a79168de-2174-49e8-9eb2-cab264966fc2,20/10/2020,
3,28/02/2021,E01424,1cad37dc-be1a-4f57-b734-634774bbc1cd,08/11/2020,
3,28/02/2021,E00512,a5a04599-23c5-4a23-8250-638c6b622bff,13/11/2020,
3,28/02/2021,E00180,970e254a-f0e9-4eb1-ad38-5b1d784441b2,27/01/2021,
3,31/03/2021,E00108,b1f9fa8e-ab9d-4263-9f1e-4b96930dace3,21/09/2019,27/03/2021
3,31/03/2021,E00524,6e347131-f124-4280-a889-3a7a0aab0998,17/03/2020,
3,31/03/2021,E00704,c627a77d-3edc-4583-9c68-d3cad66c1c9d,25/05/2020,
3,31/03/2021,E01277,facccbb3-ec7d-4956-b475-1ee7f7f90aa9,28/06/2020,
3,31/03/2021,E00023,01f29354-58dc-4064-8410-018ff04c7558,15/09/2020,
3,31/03/2021,E01281,a79168de-2174-49e8-9eb2-cab264966fc2,20/10/2020,
3,31/03/2021,E01424,1cad37dc-be1a-4f57-b734-634774bbc1cd,08/11/2020,
3,31/03/2021,E00512,a5a04599-23c5-4a23-8250-638c6b622bff,13/11/2020,
3,31/03/2021,E00180,970e254a-f0e9-4eb1-ad38-5b1d784441b2,27/01/2021,
3,31/03/2021,E00984,6bbc2367-3a20-4518-b964-848dc1c41d0c,07/03/2021,
3,30/04/2021,E00524,6e347131-f124-4280-a889-3a7a0aab0998,17/03/2020,
3,30/04/2021,E00704,c627a77d-3edc-4583-9c68-d3cad66c1c9d,25/05/2020,
3,30/04/2021,E01277,facccbb3-ec7d-4956-b475-1ee7f7f90aa9,28/06/2020,
3,30/04/2021,E00023,01f29354-58dc-4064-8410-018ff04c7558,15/09/2020,
3,30/04/2021,E01281,a79168de-2174-49e8-9eb2-cab264966fc2,20/10/2020,
3,30/04/2021,E01424,1cad37dc-be1a-4f57-b734-634774bbc1cd,08/11/2020,
3,30/04/2021,E00512,a5a04599-23c5-4a23-8250-638c6b622bff,13/11/2020,
3,30/04/2021,E00180,970e254a-f0e9-4eb1-ad38-5b1d784441b2,27/01/2021,
3,30/04/2021,E00984,6bbc2367-3a20-4518-b964-848dc1c41d0c,07/03/2021,
3,30/04/2021,E00177,83725782-162b-4582-aaea-c163fdd4cc53,30/04/2021,
3,31/05/2021,E00524,6e347131-f124-4280-a889-3a7a0aab0998,17/03/2020,
3,31/05/2021,E00704,c627a77d-3edc-4583-9c68-d3cad66c1c9d,25/05/2020,
3,31/05/2021,E01277,facccbb3-ec7d-4956-b475-1ee7f7f90aa9,28/06/2020,
3,31/05/2021,E00023,01f29354-58dc-4064-8410-018ff04c7558,15/09/2020,
3,31/05/2021,E01281,a79168de-2174-49e8-9eb2-cab264966fc2,20/10/2020,
3,31/05/2021,E01424,1cad37dc-be1a-4f57-b734-634774bbc1cd,08/11/2020,19/05/2021
3,31/05/2021,E00512,a5a04599-23c5-4a23-8250-638c6b622bff,13/11/2020,
3,31/05/2021,E00180,970e254a-f0e9-4eb1-ad38-5b1d784441b2,27/01/2021,
3,31/05/2021,E00984,6bbc2367-3a20-4518-b964-848dc1c41d0c,07/03/2021,
3,31/05/2021,E00177,83725782-162b-4582-aaea-c163fdd4cc53,30/04/2021,
3,31/05/2021,E01524,456ccace-751c-4597-82e8-5752f43539c9,06/05/2021,
3,31/05/2021,E00011,8ba61159-e327-4668-84c2-bafa9d87bca3,17/05/2021,
3,30/06/2021,E00524,6e347131-f124-4280-a889-3a7a0aab0998,17/03/2020,
3,30/06/2021,E00704,c627a77d-3edc-4583-9c68-d3cad66c1c9d,25/05/2020,
3,30/06/2021,E01277,facccbb3-ec7d-4956-b475-1ee7f7f90aa9,28/06/2020,
3,30/06/2021,E00023,01f29354-58dc-4064-8410-018ff04c7558,15/09/2020,
3,30/06/2021,E01281,a79168de-2174-49e8-9eb2-cab264966fc2,20/10/2020,
3,30/06/2021,E00512,a5a04599-23c5-4a23-8250-638c6b622bff,13/11/2020,
3,30/06/2021,E00180,970e254a-f0e9-4eb1-ad38-5b1d784441b2,27/01/2021,
3,30/06/2021,E00984,6bbc2367-3a20-4518-b964-848dc1c41d0c,07/03/2021,
3,30/06/2021,E00177,83725782-162b-4582-aaea-c163fdd4cc53,30/04/2021,
3,30/06/2021,E01524,456ccace-751c-4597-82e8-5752f43539c9,06/05/2021,
3,30/06/2021,E00011,8ba61159-e327-4668-84c2-bafa9d87bca3,17/05/2021,
3,31/07/2021,E00524,6e347131-f124-4280-a889-3a7a0aab0998,17/03/2020,
3,31/07/2021,E00704,c627a77d-3edc-4583-9c68-d3cad66c1c9d,25/05/2020,17/07/2021
3,31/07/2021,E01277,facccbb3-ec7d-4956-b475-1ee7f7f90aa9,28/06/2020,
3,31/07/2021,E00023,01f29354-58dc-4064-8410-018ff04c7558,15/09/2020,
3,31/07/2021,E01281,a79168de-2174-49e8-9eb2-cab264966fc2,20/10/2020,
3,31/07/2021,E00512,a5a04599-23c5-4a23-8250-638c6b622bff,13/11/2020,
3,31/07/2021,E00180,970e254a-f0e9-4eb1-ad38-5b1d784441b2,27/01/2021,
3,31/07/2021,E00984,6bbc2367-3a20-4518-b964-848dc1c41d0c,07/03/2021,
3,31/07/2021,E00177,83725782-162b-4582-aaea-c163fdd4cc53,30/04/2021,
3,31/07/2021,E01524,456ccace-751c-4597-82e8-5752f43539c9,06/05/2021,
3,31/07/2021,E00011,8ba61159-e327-4668-84c2-bafa9d87bca3,17/05/2021,
3,31/07/2021,E01012,9d871514-e352-47b4-8238-6fceb2be81d1,15/07/2021,
3,31/07/2021,E01439,296847e7-82c6-49ea-b59b-001c3e29bf9b,13/07/2021,
3,31/08/2021,E00524,6e347131-f124-4280-a889-3a7a0aab0998,17/03/2020,
3,31/08/2021,E01277,facccbb3-ec7d-4956-b475-1ee7f7f90aa9,28/06/2020,
3,31/08/2021,E00023,01f29354-58dc-4064-8410-018ff04c7558,15/09/2020,
3,31/08/2021,E01281,a79168de-2174-49e8-9eb2-cab264966fc2,20/10/2020,
3,31/08/2021,E00512,a5a04599-23c5-4a23-8250-638c6b622bff,13/11/2020,27/08/2021
3,31/08/2021,E00180,970e254a-f0e9-4eb1-ad38-5b1d784441b2,27/01/2021,
3,31/08/2021,E00984,6bbc2367-3a20-4518-b964-848dc1c41d0c,07/03/2021,
3,31/08/2021,E00177,83725782-162b-4582-aaea-c163fdd4cc53,30/04/2021,
3,31/08/2021,E01524,456ccace-751c-4597-82e8-5752f43539c9,06/05/2021,
3,31/08/2021,E00011,8ba61159-e327-4668-84c2-bafa9d87bca3,17/05/2021,
3,31/08/2021,E01012,9d871514-e352-47b4-8238-6fceb2be81d1,15/07/2021,
3,31/08/2021,E01439,296847e7-82c6-49ea-b59b-001c3e29bf9b,13/07/2021,
3,31/08/2021,E00892,55de647d-5cc0-4ec4-a545-0837261e0411,26/08/2021,
3,30/09/2021,E00524,6e347131-f124-4280-a889-3a7a0aab0998,17/03/2020,
3,30/09/2021,E01277,facccbb3-ec7d-4956-b475-1ee7f7f90aa9,28/06/2020,
3,30/09/2021,E00023,01f29354-58dc-4064-8410-018ff04c7558,15/09/2020,
3,30/09/2021,E01281,a79168de-2174-49e8-9eb2-cab264966fc2,20/10/2020,
3,30/09/2021,E00180,970e254a-f0e9-4eb1-ad38-5b1d784441b2,27/01/2021,
3,30/09/2021,E00984,6bbc2367-3a20-4518-b964-848dc1c41d0c,07/03/2021,
3,30/09/2021,E00177,83725782-162b-4582-aaea-c163fdd4cc53,30/04/2021,
3,30/09/2021,E01524,456ccace-751c-4597-82e8-5752f43539c9,06/05/2021,
3,30/09/2021,E00011,8ba61159-e327-4668-84c2-bafa9d87bca3,17/05/2021,
3,30/09/2021,E01012,9d871514-e352-47b4-8238-6fceb2be81d1,15/07/2021,
3,30/09/2021,E01439,296847e7-82c6-49ea-b59b-001c3e29bf9b,13/07/2021,
3,30/09/2021,E00892,55de647d-5cc0-4ec4-a545-0837261e0411,26/08/2021,
3,31/10/2021,E00524,6e347131-f124-4280-a889-3a7a0aab0998,17/03/2020,
3,31/10/2021,E01277,facccbb3-ec7d-4956-b475-1ee7f7f90aa9,28/06/2020,
3,31/10/2021,E00023,01f29354-58dc-4064-8410-018ff04c7558,15/09/2020,
3,31/10/2021,E01281,a79168de-2174-49e8-9eb2-cab264966fc2,20/10/2020,
3,31/10/2021,E00180,970e254a-f0e9-4eb1-ad38-5b1d784441b2,27/01/2021,
3,31/10/2021,E00984,6bbc2367-3a20-4518-b964-848dc1c41d0c,07/03/2021,
3,31/10/2021,E00177,83725782-162b-4582-aaea-c163fdd4cc53,30/04/2021,
3,31/10/2021,E01524,456ccace-751c-4597-82e8-5752f43539c9,06/05/2021,
3,31/10/2021,E00011,8ba61159-e327-4668-84c2-bafa9d87bca3,17/05/2021,
3,31/10/2021,E01012,9d871514-e352-47b4-8238-6fceb2be81d1,15/07/2021,
3,31/10/2021,E01439,296847e7-82c6-49ea-b59b-001c3e29bf9b,13/07/2021,11/10/2021
3,31/10/2021,E00892,55de647d-5cc0-4ec4-a545-0837261e0411,26/08/2021,
3,30/11/2021,E00524,6e347131-f124-4280-a889-3a7a0aab0998,17/03/2020,
3,30/11/2021,E01277,facccbb3-ec7d-4956-b475-1ee7f7f90aa9,28/06/2020,
3,30/11/2021,E00023,01f29354-58dc-4064-8410-018ff04c7558,15/09/2020,
3,30/11/2021,E01281,a79168de-2174-49e8-9eb2-cab264966fc2,20/10/2020,
3,30/11/2021,E00180,970e254a-f0e9-4eb1-ad38-5b1d784441b2,27/01/2021,
3,30/11/2021,E00984,6bbc2367-3a20-4518-b964-848dc1c41d0c,07/03/2021,22/11/2021
3,30/11/2021,E00177,83725782-162b-4582-aaea-c163fdd4cc53,30/04/2021,
3,30/11/2021,E01524,456ccace-751c-4597-82e8-5752f43539c9,06/05/2021,
3,30/11/2021,E00011,8ba61159-e327-4668-84c2-bafa9d87bca3,17/05/2021,
3,30/11/2021,E01012,9d871514-e352-47b4-8238-6fceb2be81d1,15/07/2021,
3,30/11/2021,E00892,55de647d-5cc0-4ec4-a545-0837261e0411,26/08/2021,
3,30/11/2021,E01394,e2d3203c-fad4-4ae0-b645-aae1681d38d0,20/11/2021,
3,30/11/2021,E01454,ddcc60ef-ce30-480b-9e30-353acb39d1a8,27/11/2021,
3,31/12/2021,E00524,6e347131-f124-4280-a889-3a7a0aab0998,17/03/2020,
3,31/12/2021,E01277,facccbb3-ec7d-4956-b475-1ee7f7f90aa9,28/06/2020,
3,31/12/2021,E00023,01f29354-58dc-4064-8410-018ff04c7558,15/09/2020,
3,31/12/2021,E01281,a79168de-2174-49e8-9eb2-cab264966fc2,20/10/2020,
3,31/12/2021,E00180,970e254a-f0e9-4eb1-ad38-5b1d784441b2,27/01/2021,
3,31/12/2021,E00177,83725782-162b-4582-aaea-c163fdd4cc53,30/04/2021,
3,31/12/2021,E01524,456ccace-751c-4597-82e8-5752f43539c9,06/05/2021,
3,31/12/2021,E00011,8ba61159-e327-4668-84c2-bafa9d87bca3,17/05/2021,
3,31/12/2021,E01012,9d871514-e352-47b4-8238-6fceb2be81d1,15/07/2021,
3,31/12/2021,E00892,55de647d-5cc0-4ec4-a545-0837261e0411,26/08/2021,
3,31/12/2021,E01394,e2d3203c-fad4-4ae0-b645-aae1681d38d0,20/11/2021,
3,31/12/2021,E01454,ddcc60ef-ce30-480b-9e30-353acb39d1a8,27/11/2021,
3,31/12/2021,E01332,e0bf2df0-c34c-4b52-92bb-c51fa0540f0d,27/12/2021,
3,31/01/2022,E00524,6e347131-f124-4280-a889-3a7a0aab0998,17/03/2020,
3,31/01/2022,E01277,facccbb3-ec7d-4956-b475-1ee7f7f90aa9,28/06/2020,
3,31/01/2022,E00023,01f29354-58dc-4064-8410-018ff04c7558,15/09/2020,
3,31/01/2022,E01281,a79168de-2174-49e8-9eb2-cab264966fc2,20/10/2020,
3,31/01/2022,E00180,970e254a-f0e9-4eb1-ad38-5b1d784441b2,27/01/2021,
3,31/01/2022,E00177,83725782-162b-4582-aaea-c163fdd4cc53,30/04/2021,
3,31/01/2022,E01524,456ccace-751c-4597-82e8-5752f43539c9,06/05/2021,
3,31/01/2022,E00011,8ba61159-e327-4668-84c2-bafa9d87bca3,17/05/2021,
3,31/01/2022,E01012,9d871514-e352-47b4-8238-6fceb2be81d1,15/07/2021,05/01/2022
3,31/01/2022,E00892,55de647d-5cc0-4ec4-a545-0837261e0411,26/08/2021,
3,31/01/2022,E01394,e2d3203c-fad4-4ae0-b645-aae1681d38d0,20/11/2021,
3,31/01/2022,E01454,ddcc60ef-ce30-480b-9e30-353acb39d1a8,27/11/2021,
3,31/01/2022,E01332,e0bf2df0-c34c-4b52-92bb-c51fa0540f0d,27/12/2021,
3,31/01/2022,E00257,46b0254d-3ec1-4f5a-9614-60fd9bf41a5c,29/01/2022,
3,31/01/2022,E00131,d72e3900-e133-4fae-8f74-dfcd992490da,04/01/2022,
3,28/02/2022,E00524,6e347131-f124-4280-a889-3a7a0aab0998,17/03/2020,
3,28/02/2022,E01277,facccbb3-ec7d-4956-b475-1ee7f7f90aa9,28/06/2020,
3,28/02/2022,E00023,01f29354-58dc-4064-8410-018ff04c7558,15/09/2020,
3,28/02/2022,E01281,a79168de-2174-49e8-9eb2-cab264966fc2,20/10/2020,
3,28/02/2022,E00180,970e254a-f0e9-4eb1-ad38-5b1d784441b2,27/01/2021,
3,28/02/2022,E00177,83725782-162b-4582-aaea-c163fdd4cc53,30/04/2021,
3,28/02/2022,E01524,456ccace-751c-4597-82e8-5752f43539c9,06/05/2021,
3,28/02/2022,E00011,8ba61159-e327-4668-84c2-bafa9d87bca3,17/05/2021,
3,28/02/2022,E00892,55de647d-5cc0-4ec4-a545-0837261e0411,26/08/2021,
3,28/02/2022,E01394,e2d3203c-fad4-4ae0-b645-aae1681d38d0,20/11/2021,
3,28/02/2022,E01454,ddcc60ef-ce30-480b-9e30-353acb39d1a8,27/11/2021,21/02/2022
3,28/02/2022,E01332,e0bf2df0-c34c-4b52-92bb-c51fa0540f0d,27/12/2021,
3,28/02/2022,E00257,46b0254d-3ec1-4f5a-9614-60fd9bf41a5c,29/01/2022,
3,28/02/2022,E00131,d72e3900-e133-4fae-8f74-dfcd992490da,04/01/2022,
3,31/03/2022,E00524,6e347131-f124-4280-a889-3a7a0aab0998,17/03/2020,
3,31/03/2022,E01277,facccbb3-ec7d-4956-b475-1ee7f7f90aa9,28/06/2020,26/03/2022
3,31/03/2022,E00023,01f29354-58dc-4064-8410-018ff04c7558,15/09/2020,
3,31/03/2022,E01281,a79168de-2174-49e8-9eb2-cab264966fc2,20/10/2020,
3,31/03/2022,E00180,970e254a-f0e9-4eb1-ad38-5b1d784441b2,27/01/2021,
3,31/03/2022,E00177,83725782-162b-4582-aaea-c163fdd4cc53,30/04/2021,
3,31/03/2022,E01524,456ccace-751c-4597-82e8-5752f43539c9,06/05/2021,
3,31/03/2022,E00011,8ba61159-e327-4668-84c2-bafa9d87bca3,17/05/2021,
3,31/03/2022,E00892,55de647d-5cc0-4ec4-a545-0837261e0411,26/08/2021,
3,31/03/2022,E01394,e2d3203c-fad4-4ae0-b645-aae1681d38d0,20/11/2021,
3,31/03/2022,E01332,e0bf2df0-c34c-4b52-92bb-c51fa0540f0d,27/12/2021,
3,31/03/2022,E00257,46b0254d-3ec1-4f5a-9614-60fd9bf41a5c,29/01/2022,
3,31/03/2022,E00131,d72e3900-e133-4fae-8f74-dfcd992490da,04/01/2022,
3,31/03/2022,E00636,b685b2b4-9427-4c6e-aeb0-c6030c2503ce,20/03/2022,
3,31/03/2022,E00474,cbb367c3-db04-4f33-9f02-da0a510ba16e,24/03/2022,
3,30/04/2022,E00524,6e347131-f124-4280-a889-3a7a0aab0998,17/03/2020,
3,30/04/2022,E00023,01f29354-58dc-4064-8410-018ff04c7558,15/09/2020,
3,30/04/2022,E01281,a79168de-2174-49e8-9eb2-cab264966fc2,20/10/2020,
3,30/04/2022,E00180,970e254a-f0e9-4eb1-ad38-5b1d784441b2,27/01/2021,
3,30/04/2022,E00177,83725782-162b-4582-aaea-c163fdd4cc53,30/04/2021,
3,30/04/2022,E01524,456ccace-751c-4597-82e8-5752f43539c9,06/05/2021,
3,30/04/2022,E00011,8ba61159-e327-4668-84c2-bafa9d87bca3,17/05/2021,
3,30/04/2022,E00892,55de647d-5cc0-4ec4-a545-0837261e0411,26/08/2021,
3,30/04/2022,E01394,e2d3203c-fad4-4ae0-b645-aae1681d38d0,20/11/2021,
3,30/04/2022,E01332,e0bf2df0-c34c-4b52-92bb-c51fa0540f0d,27/12/2021,
3,30/04/2022,E00257,46b0254d-3ec1-4f5a-9614-60fd9bf41a5c,29/01/2022,
3,30/04/2022,E00131,d72e3900-e133-4fae-8f74-dfcd992490da,04/01/2022,
3,30/04/2022,E00636,b685b2b4-9427-4c6e-aeb0-c6030c2503ce,20/03/2022,
3,30/04/2022,E00474,cbb367c3-db04-4f33-9f02-da0a510ba16e,24/03/2022,
3,31/05/2022,E00524,6e347131-f124-4280-a889-3a7a0aab0998,17/03/2020,
3,31/05/2022,E00023,01f29354-58dc-4064-8410-018ff04c7558,15/09/2020,
3,31/05/2022,E01281,a79168de-2174-49e8-9eb2-cab264966fc2,20/10/2020,
3,31/05/2022,E00180,970e254a-f0e9-4eb1-ad38-5b1d784441b2,27/01/2021,
3,31/05/2022,E00177,83725782-162b-4582-aaea-c163fdd4cc53,30/04/2021,22/05/2022
3,31/05/2022,E01524,456ccace-751c-4597-82e8-5752f43539c9,06/05/2021,
3,31/05/2022,E00011,8ba61159-e327-4668-84c2-bafa9d87bca3,17/05/2021,
3,31/05/2022,E00892,55de647d-5cc0-4ec4-a545-0837261e0411,26/08/2021,
3,31/05/2022,E01394,e2d3203c-fad4-4ae0-b645-aae1681d38d0,20/11/2021,
3,31/05/2022,E01332,e0bf2df0-c34c-4b52-92bb-c51fa0540f0d,27/12/2021,
3,31/05/2022,E00257,46b0254d-3ec1-4f5a-9614-60fd9bf41a5c,29/01/2022,
3,31/05/2022,E00131,d72e3900-e133-4fae-8f74-dfcd992490da,04/01/2022,
3,31/05/2022,E00636,b685b2b4-9427-4c6e-aeb0-c6030c2503ce,20/03/2022,
3,31/05/2022,E00474,cbb367c3-db04-4f33-9f02-da0a510ba16e,24/03/2022,
3,31/05/2022,E00818,b29d52a7-d3c3-454a-94a2-fe219d7b454e,07/05/2022,
3,31/05/2022,E01339,4dae4bb7-2858-4599-b219-62ee59f1ea2a,10/05/2022,
3,30/06/2022,E00524,6e347131-f124-4280-a889-3a7a0aab0998,17/03/2020,
3,30/06/2022,E00023,01f29354-58dc-4064-8410-018ff04c7558,15/09/2020,
3,30/06/2022,E01281,a79168de-2174-49e8-9eb2-cab264966fc2,20/10/2020,
3,30/06/2022,E00180,970e254a-f0e9-4eb1-ad38-5b1d784441b2,27/01/2021,
3,30/06/2022,E01524,456ccace-751c-4597-82e8-5752f43539c9,06/05/2021,
3,30/06/2022,E00011,8ba61159-e327-4668-84c2-bafa9d87bca3,17/05/2021,
3,30/06/2022,E00892,55de647d-5cc0-4ec4-a545-0837261e0411,26/08/2021,
3,30/06/2022,E01394,e2d3203c-fad4-4ae0-b645-aae1681d38d0,20/11/2021,
3,30/06/2022,E01332,e0bf2df0-c34c-4b52-92bb-c51fa0540f0d,27/12/2021,
3,30/06/2022,E00257,46b0254d-3ec1-4f5a-9614-60fd9bf41a5c,29/01/2022,
3,30/06/2022,E00131,d72e3900-e133-4fae-8f74-dfcd992490da,04/01/2022,
3,30/06/2022,E00636,b685b2b4-9427-4c6e-aeb0-c6030c2503ce,20/03/2022,
3,30/06/2022,E00474,cbb367c3-db04-4f33-9f02-da0a510ba16e,24/03/2022,
3,30/06/2022,E00818,b29d52a7-d3c3-454a-94a2-fe219d7b454e,07/05/2022,09/06/2022
3,30/06/2022,E01339,4dae4bb7-2858-4599-b219-62ee59f1ea2a,10/05/2022,
3,30/06/2022,E01118,2cdaa727-8a2c-473b-bef7-a999c64fc988,05/06/2022,
3,30/06/2022,E00243,97efb89d-ee55-42a8-b794-9b904d7d540a,17/06/2022,
3,30/06/2022,E00282,6d0a8912-9cdc-47df-89a2-a25d724322b8,13/06/2022,
3,31/07/2022,E00524,6e347131-f124-4280-a889-3a7a0aab0998,17/03/2020,
3,31/07/2022,E00023,01f29354-58dc-4064-8410-018ff04c7558,15/09/2020,
3,31/07/2022,E01281,a79168de-2174-49e8-9eb2-cab264966fc2,20/10/2020,18/07/2022
3,31/07/2022,E00180,970e254a-f0e9-4eb1-ad38-5b1d784441b2,27/01/2021,
3,31/07/2022,E01524,456ccace-751c-4597-82e8-5752f43539c9,06/05/2021,
3,31/07/2022,E00011,8ba61159-e327-4668-84c2-bafa9d87bca3,17/05/2021,
3,31/07/2022,E00892,55de647d-5cc0-4ec4-a545-0837261e0411,26/08/2021,
3,31/07/2022,E01394,e2d3203c-fad4-4ae0-b645-aae1681d38d0,20/11/2021,
3,31/07/2022,E01332,e0bf2df0-c34c-4b52-92bb-c51fa0540f0d,27/12/2021,
3,31/07/2022,E00257,46b0254d-3ec1-4f5a-9614-60fd9bf41a5c,29/01/2022,
3,31/07/2022,E00131,d72e3900-e133-4fae-8f74-dfcd992490da,04/01/2022,
3,31/07/2022,E00636,b685b2b4-9427-4c6e-aeb0-c6030c2503ce,20/03/2022,
3,31/07/2022,E00474,cbb367c3-db04-4f33-9f02-da0a510ba16e,24/03/2022,
3,31/07/2022,E01339,4dae4bb7-2858-4599-b219-62ee59f1ea2a,10/05/2022,
3,31/07/2022,E01118,2cdaa727-8a2c-473b-bef7-a999c64fc988,05/06/2022,
3,31/07/2022,E00243,97efb89d-ee55-42a8-b794-9b904d7d540a,17/06/2022,
3,31/07/2022,E00282,6d0a8912-9cdc-47df-89a2-a25d724322b8,13/06/2022,
3,31/08/2022,E00524,6e347131-f124-4280-a889-3a7a0aab0998,17/03/2020,
3,31/08/2022,E00023,01f29354-58dc-4064-8410-018ff04c7558,15/09/2020,
3,31/08/2022,E00180,970e254a-f0e9-4eb1-ad38-5b1d784441b2,27/01/2021,
3,31/08/2022,E01524,456ccace-751c-4597-82e8-5752f43539c9,06/05/2021,
3,31/08/2022,E00011,8ba61159-e327-4668-84c2-bafa9d87bca3,17/05/2021,
3,31/08/2022,E00892,55de647d-5cc0-4ec4-a545-0837261e0411,26/08/2021,
3,31/08/2022,E01394,e2d3203c-fad4-4ae0-b645-aae1681d38d0,20/11/2021,22/08/2022
3,31/08/2022,E01332,e0bf2df0-c34c-4b52-92bb-c51fa0540f0d,27/12/2021,
3,31/08/2022,E00257,46b0254d-3ec1-4f5a-9614-60fd9bf41a5c,29/01/2022,
3,31/08/2022,E00131,d72e3900-e133-4fae-8f74-dfcd992490da,04/01/2022,
3,31/08/2022,E00636,b685b2b4-9427-4c6e-aeb0-c6030c2503ce,20/03/2022,
3,31/08/2022,E00474,cbb367c3-db04-4f33-9f02-da0a510ba16e,24/03/2022,
3,31/08/2022,E01339,4dae4bb7-2858-4599-b219-62ee59f1ea2a,10/05/2022,
3,31/08/2022,E01118,2cdaa727-8a2c-473b-bef7-a999c64fc988,05/06/2022,01/08/2022
3,31/08/2022,E00243,97efb89d-ee55-42a8-b794-9b904d7d540a,17/06/2022,
3,31/08/2022,E00282,6d0a8912-9cdc-47df-89a2-a25d724322b8,13/06/2022,
3,30/09/2022,E00524,6e347131-f124-4280-a889-3a7a0aab0998,17/03/2020,
3,30/09/2022,E00023,01f29354-58dc-4064-8410-018ff04c7558,15/09/2020,29/09/2022
3,30/09/2022,E00180,970e254a-f0e9-4eb1-ad38-5b1d784441b2,27/01/2021,
3,30/09/2022,E01524,456ccace-751c-4597-82e8-5752f43539c9,06/05/2021,
3,30/09/2022,E00011,8ba61159-e327-4668-84c2-bafa9d87bca3,17/05/2021,
3,30/09/2022,E00892,55de647d-5cc0-4ec4-a545-0837261e0411,26/08/2021,
3,30/09/2022,E01332,e0bf2df0-c34c-4b52-92bb-c51fa0540f0d,27/12/2021,
3,30/09/2022,E00257,46b0254d-3ec1-4f5a-9614-60fd9bf41a5c,29/01/2022,
3,30/09/2022,E00131,d72e3900-e133-4fae-8f74-dfcd992490da,04/01/2022,
3,30/09/2022,E00636,b685b2b4-9427-4c6e-aeb0-c6030c2503ce,20/03/2022,
3,30/09/2022,E00474,cbb367c3-db04-4f33-9f02-da0a510ba16e,24/03/2022,
3,30/09/2022,E01339,4dae4bb7-2858-4599-b219-62ee59f1ea2a,10/05/2022,
3,30/09/2022,E00243,97efb89d-ee55-42a8-b794-9b904d7d540a,17/06/2022,
3,30/09/2022,E00282,6d0a8912-9cdc-47df-89a2-a25d724322b8,13/06/2022,
3,30/09/2022,E01163,ce783dd9-53a8-496c-8d01-c237f1c712ac,16/09/2022,
3,30/09/2022,E00006,afededdb-6441-423b-9917-872e22597dd5,04/09/2022,
3,30/09/2022,E00079,a240cb01-a801-4577-9a65-c056042f113c,19/09/2022,
3,30/09/2022,E01267,1d39129a-cee6-4a20-b556-91c9ddfd31de,03/09/2022,28/09/2022
3,31/10/2022,E00524,6e347131-f124-4280-a889-3a7a0aab0998,17/03/2020,29/10/2022
3,31/10/2022,E00180,970e254a-f0e9-4eb1-ad38-5b1d784441b2,27/01/2021,
3,31/10/2022,E01524,456ccace-751c-4597-82e8-5752f43539c9,06/05/2021,
3,31/10/2022,E00011,8ba61159-e327-4668-84c2-bafa9d87bca3,17/05/2021,
3,31/10/2022,E00892,55de647d-5cc0-4ec4-a545-0837261e0411,26/08/2021,
3,31/10/2022,E01332,e0bf2df0-c34c-4b52-92bb-c51fa0540f0d,27/12/2021,
3,31/10/2022,E00257,46b0254d-3ec1-4f5a-9614-60fd9bf41a5c,29/01/2022,16/10/2022
3,31/10/2022,E00131,d72e3900-e133-4fae-8f74-dfcd992490da,04/01/2022,
3,31/10/2022,E00636,b685b2b4-9427-4c6e-aeb0-c6030c2503ce,20/03/2022,31/10/2022
3,31/10/2022,E00474,cbb367c3-db04-4f33-9f02-da0a510ba16e,24/03/2022,
3,31/10/2022,E01339,4dae4bb7-2858-4599-b219-62ee59f1ea2a,10/05/2022,
3,31/10/2022,E00243,97efb89d-ee55-42a8-b794-9b904d7d540a,17/06/2022,
3,31/10/2022,E00282,6d0a8912-9cdc-47df-89a2-a25d724322b8,13/06/2022,
3,31/10/2022,E01163,ce783dd9-53a8-496c-8d01-c237f1c712ac,16/09/2022,
3,31/10/2022,E00006,afededdb-6441-423b-9917-872e22597dd5,04/09/2022,
3,31/10/2022,E00079,a240cb01-a801-4577-9a65-c056042f113c,19/09/2022,
5,31/10/2022,E01267,1d39129a-cee6-4a20-b556-91c9ddfd31de,04/10/2022,
3,30/11/2022,E00180,970e254a-f0e9-4eb1-ad38-5b1d784441b2,27/01/2021,
3,30/11/2022,E01524,456ccace-751c-4597-82e8-5752f43539c9,06/05/2021,
3,30/11/2022,E00011,8ba61159-e327-4668-84c2-bafa9d87bca3,17/05/2021,
3,30/11/2022,E00892,55de647d-5cc0-4ec4-a545-0837261e0411,26/08/2021,
3,30/11/2022,E01332,e0bf2df0-c34c-4b52-92bb-c51fa0540f0d,27/12/2021,
3,30/11/2022,E00131,d72e3900-e133-4fae-8f74-dfcd992490da,04/01/2022,06/11/2022
5,30/11/2022,E00636,b685b2b4-9427-4c6e-aeb0-c6030c2503ce,03/11/2022,
3,30/11/2022,E00474,cbb367c3-db04-4f33-9f02-da0a510ba16e,24/03/2022,
3,30/11/2022,E01339,4dae4bb7-2858-4599-b219-62ee59f1ea2a,10/05/2022,
3,30/11/2022,E00243,97efb89d-ee55-42a8-b794-9b904d7d540a,17/06/2022,
3,30/11/2022,E00282,6d0a8912-9cdc-47df-89a2-a25d724322b8,13/06/2022,
3,30/11/2022,E01163,ce783dd9-53a8-496c-8d01-c237f1c712ac,16/09/2022,
3,30/11/2022,E00006,afededdb-6441-423b-9917-872e22597dd5,04/09/2022,
3,30/11/2022,E00079,a240cb01-a801-4577-9a65-c056042f113c,19/09/2022,
5,30/11/2022,E01267,1d39129a-cee6-4a20-b556-91c9ddfd31de,04/10/2022,
3,30/11/2022,E00948,5070a885-ed1e-4064-ba72-83eb0585043d,22/11/2022,
3,30/11/2022,E00630,b6dbba11-b85f-4bcd-80d0-331a5811ff46,13/11/2022,
3,31/12/2022,E00180,970e254a-f0e9-4eb1-ad38-5b1d784441b2,27/01/2021,
3,31/12/2022,E01524,456ccace-751c-4597-82e8-5752f43539c9,06/05/2021,
3,31/12/2022,E00011,8ba61159-e327-4668-84c2-bafa9d87bca3,17/05/2021,
3,31/12/2022,E00892,55de647d-5cc0-4ec4-a545-0837261e0411,26/08/2021,
3,31/12/2022,E01332,e0bf2df0-c34c-4b52-92bb-c51fa0540f0d,27/12/2021,
5,31/12/2022,E00636,b685b2b4-9427-4c6e-aeb0-c6030c2503ce,03/11/2022,
3,31/12/2022,E00474,cbb367c3-db04-4f33-9f02-da0a510ba16e,24/03/2022,
3,31/12/2022,E01339,4dae4bb7-2858-4599-b219-62ee59f1ea2a,10/05/2022,
3,31/12/2022,E00243,97efb89d-ee55-42a8-b794-9b904d7d540a,17/06/2022,
3,31/12/2022,E00282,6d0a8912-9cdc-47df-89a2-a25d724322b8,13/06/2022,
3,31/12/2022,E01163,ce783dd9-53a8-496c-8d01-c237f1c712ac,16/09/2022,
3,31/12/2022,E00006,afededdb-6441-423b-9917-872e22597dd5,04/09/2022,
3,31/12/2022,E00079,a240cb01-a801-4577-9a65-c056042f113c,19/09/2022,
5,31/12/2022,E01267,1d39129a-cee6-4a20-b556-91c9ddfd31de,04/10/2022,
3,31/12/2022,E00948,5070a885-ed1e-4064-ba72-83eb0585043d,22/11/2022,07/12/2022
3,31/12/2022,E00630,b6dbba11-b85f-4bcd-80d0-331a5811ff46,13/11/2022,
3,31/12/2022,E00635,65a17c02-0541-4f8c-bc98-93e9be27ee74,01/12/2022,
3,31/01/2023,E00892,55de647d-5cc0-4ec4-a545-0837261e0411,26/08/2021,20/01/2023
5,31/01/2023,E00636,b685b2b4-9427-4c6e-aeb0-c6030c2503ce,03/11/2022,07/01/2023
3,31/01/2023,E00243,97efb89d-ee55-42a8-b794-9b904d7d540a,17/06/2022,02/01/2023
5,31/01/2023,E01267,1d39129a-cee6-4a20-b556-91c9ddfd31de,04/10/2022,
5,28/02/2023,E01267,1d39129a-cee6-4a20-b556-91c9ddfd31de,04/10/2022,
3,31/03/2023,E00180,970e254a-f0e9-4eb1-ad38-5b1d784441b2,27/01/2021,
3,31/03/2023,E01524,456ccace-751c-4597-82e8-5752f43539c9,06/05/2021,
3,31/03/2023,E00011,8ba61159-e327-4668-84c2-bafa9d87bca3,17/05/2021,
3,31/03/2023,E01332,e0bf2df0-c34c-4b52-92bb-c51fa0540f0d,27/12/2021,
3,31/03/2023,E00474,cbb367c3-db04-4f33-9f02-da0a510ba16e,24/03/2022,
3,31/03/2023,E01339,4dae4bb7-2858-4599-b219-62ee59f1ea2a,10/05/2022,
3,31/03/2023,E00282,6d0a8912-9cdc-47df-89a2-a25d724322b8,13/06/2022,
3,31/03/2023,E01163,ce783dd9-53a8-496c-8d01-c237f1c712ac,16/09/2022,
3,31/03/2023,E00006,afededdb-6441-423b-9917-872e22597dd5,04/09/2022,
3,31/03/2023,E00079,a240cb01-a801-4577-9a65-c056042f113c,19/09/2022,
5,31/03/2023,E01267,1d39129a-cee6-4a20-b556-91c9ddfd31de,04/10/2022,
3,31/03/2023,E00630,b6dbba11-b85f-4bcd-80d0-331a5811ff46,13/11/2022,
3,31/03/2023,E00635,65a17c02-0541-4f8c-bc98-93e9be27ee74,01/12/2022,
3,31/03/2023,E01309,79a5f1ae-b21f-4d11-af03-a9de583ab607,05/01/2023,
3,31/03/2023,E00932,aaa9e773-ed79-40f1-a364-c32b48d65a05,10/01/2023,24/03/2023
3,31/03/2023,E00773,43447f2a-616a-4c7f-b150-0d3efdb858a3,23/02/2023,
3,31/03/2023,E00571,2e6f89c8-cee2-4ccb-9766-f93324080944,16/03/2023,
3,31/03/2023,E01002,78ad57ec-6f0e-4857-8783-0f2cb3be7154,31/03/2023,
3,30/04/2023,E00180,970e254a-f0e9-4eb1-ad38-5b1d784441b2,27/01/2021,
3,30/04/2023,E01524,456ccace-751c-4597-82e8-5752f43539c9,06/05/2021,
3,30/04/2023,E00011,8ba61159-e327-4668-84c2-bafa9d87bca3,17/05/2021,
3,30/04/2023,E01332,e0bf2df0-c34c-4b52-92bb-c51fa0540f0d,27/12/2021,15/04/2023
3,30/04/2023,E00474,cbb367c3-db04-4f33-9f02-da0a510ba16e,24/03/2022,
3,30/04/2023,E01339,4dae4bb7-2858-4599-b219-62ee59f1ea2a,10/05/2022,
3,30/04/2023,E00282,6d0a8912-9cdc-47df-89a2-a25d724322b8,13/06/2022,
3,30/04/2023,E01163,ce783dd9-53a8-496c-8d01-c237f1c712ac,16/09/2022,
3,30/04/2023,E00006,afededdb-6441-423b-9917-872e22597dd5,04/09/2022,
3,30/04/2023,E00079,a240cb01-a801-4577-9a65-c056042f113c,19/09/2022,
5,30/04/2023,E01267,1d39129a-cee6-4a20-b556-91c9ddfd31de,04/10/2022,
3,30/04/2023,E00630,b6dbba11-b85f-4bcd-80d0-331a5811ff46,13/11/2022,
3,30/04/2023,E00635,65a17c02-0541-4f8c-bc98-93e9be27ee74,01/12/2022,
3,30/04/2023,E01309,79a5f1ae-b21f-4d11-af03-a9de583ab607,05/01/2023,27/04/2023
3,30/04/2023,E00773,43447f2a-616a-4c7f-b150-0d3efdb858a3,23/02/2023,
3,30/04/2023,E00571,2e6f89c8-cee2-4ccb-9766-f93324080944,16/03/2023,
3,30/04/2023,E01002,78ad57ec-6f0e-4857-8783-0f2cb3be7154,31/03/2023,
3,31/05/2023,E00180,970e254a-f0e9-4eb1-ad38-5b1d784441b2,27/01/2021,30/05/2023
3,31/05/2023,E01524,456ccace-751c-4597-82e8-5752f43539c9,06/05/2021,
3,31/05/2023,E00011,8ba61159-e327-4668-84c2-bafa9d87bca3,17/05/2021,
3,31/05/2023,E00474,cbb367c3-db04-4f33-9f02-da0a510ba16e,24/03/2022,
3,31/05/2023,E01339,4dae4bb7-2858-4599-b219-62ee59f1ea2a,10/05/2022,
3,31/05/2023,E00282,6d0a8912-9cdc-47df-89a2-a25d724322b8,13/06/2022,
3,31/05/2023,E01163,ce783dd9-53a8-496c-8d01-c237f1c712ac,16/09/2022,
3,31/05/2023,E00006,afededdb-6441-423b-9917-872e22597dd5,04/09/2022,
3,31/05/2023,E00079,a240cb01-a801-4577-9a65-c056042f113c,19/09/2022,
5,31/05/2023,E01267,1d39129a-cee6-4a20-b556-91c9ddfd31de,04/10/2022,
3,31/05/2023,E00630,b6dbba11-b85f-4bcd-80d0-331a5811ff46,13/11/2022,
3,31/05/2023,E00635,65a17c02-0541-4f8c-bc98-93e9be27ee74,01/12/2022,
4,31/05/2023,E01309,79a5f1ae-b21f-4d11-af03-a9de583ab607,01/05/2023,
3,31/05/2023,E00773,43447f2a-616a-4c7f-b150-0d3efdb858a3,23/02/2023,
3,31/05/2023,E00571,2e6f89c8-cee2-4ccb-9766-f93324080944,16/03/2023,
3,31/05/2023,E01002,78ad57ec-6f0e-4857-8783-0f2cb3be7154,31/03/2023,
3,31/05/2023,E00154,39cbc447-b0cf-4c09-ae20-0cc50af697e2,02/05/2023,
3,31/05/2023,E01440,26774a2e-7d97-4b8b-95ea-8156d6888c12,10/05/2023,
3,31/05/2023,E01427,05f79025-3ee7-4caa-bcee-4b31d6f6923c,09/05/2023,
3,31/05/2023,E01017,6daf0016-65ee-498d-b70b-11b825123d6b,05/05/2023,
3,30/06/2023,E01524,456ccace-751c-4597-82e8-5752f43539c9,06/05/2021,
3,30/06/2023,E00011,8ba61159-e327-4668-84c2-bafa9d87bca3,17/05/2021,
3,30/06/2023,E00474,cbb367c3-db04-4f33-9f02-da0a510ba16e,24/03/2022,
3,30/06/2023,E01339,4dae4bb7-2858-4599-b219-62ee59f1ea2a,10/05/2022,
3,30/06/2023,E00282,6d0a8912-9cdc-47df-89a2-a25d724322b8,13/06/2022,
3,30/06/2023,E01163,ce783dd9-53a8-496c-8d01-c237f1c712ac,16/09/2022,
3,30/06/2023,E00006,afededdb-6441-423b-9917-872e22597dd5,04/09/2022,10/06/2023
3,30/06/2023,E00079,a240cb01-a801-4577-9a65-c056042f113c,19/09/2022,
5,30/06/2023,E01267,1d39129a-cee6-4a20-b556-91c9ddfd31de,04/10/2022,
3,30/06/2023,E00630,b6dbba11-b85f-4bcd-80d0-331a5811ff46,13/11/2022,
3,30/06/2023,E00635,65a17c02-0541-4f8c-bc98-93e9be27ee74,01/12/2022,
4,30/06/2023,E01309,79a5f1ae-b21f-4d11-af03-a9de583ab607,01/05/2023,
3,30/06/2023,E00773,43447f2a-616a-4c7f-b150-0d3efdb858a3,23/02/2023,
3,30/06/2023,E00571,2e6f89c8-cee2-4ccb-9766-f93324080944,16/03/2023,
3,30/06/2023,E01002,78ad57ec-6f0e-4857-8783-0f2cb3be7154,31/03/2023,
3,30/06/2023,E00154,39cbc447-b0cf-4c09-ae20-0cc50af697e2,02/05/2023,
3,30/06/2023,E01440,26774a2e-7d97-4b8b-95ea-8156d6888c12,10/05/2023,
3,30/06/2023,E01427,05f79025-3ee7-4caa-bcee-4b31d6f6923c,09/05/2023,
3,30/06/2023,E01017,6daf0016-65ee-498d-b70b-11b825123d6b,05/05/2023,
3,30/06/2023,E01443,4198f751-4230-4cb6-ba27-29d0b4169761,06/06/2023,
3,30/06/2023,E00762,63c97de3-8f54-4f1c-9d6c-85e32bf82c2a,20/06/2023,
4,31/05/2019,E00721,62f0c2e2-a80d-4527-9557-d7f6523e7786,10/05/2019,
4,31/05/2019,E01421,b4c6f97b-41ec-4bd7-bcc2-a6e03bb67b70,21/05/2019,
4,31/05/2019,E01338,1b063ce5-10e5-4d6e-92ae-ac44acdddb9b,21/05/2019,
4,31/05/2019,E00647,157f84b2-b027-46f8-aa24-d81490f587be,10/05/2019,
4,31/05/2019,E01341,5007b80b-c4ff-4066-b16b-e621ce5f5046,06/05/2019,
4,31/05/2019,E01279,e5913a1e-6338-4bfc-addf-996bebf636c8,14/05/2019,
4,31/05/2019,E01080,24edd217-a2e8-4db4-b3e3-2f82249eb676,14/05/2019,
4,30/06/2019,E00721,62f0c2e2-a80d-4527-9557-d7f6523e7786,10/05/2019,
4,30/06/2019,E01421,b4c6f97b-41ec-4bd7-bcc2-a6e03bb67b70,21/05/2019,
4,30/06/2019,E01338,1b063ce5-10e5-4d6e-92ae-ac44acdddb9b,21/05/2019,
4,30/06/2019,E00647,157f84b2-b027-46f8-aa24-d81490f587be,10/05/2019,
4,30/06/2019,E01341,5007b80b-c4ff-4066-b16b-e621ce5f5046,06/05/2019,
4,30/06/2019,E01279,e5913a1e-6338-4bfc-addf-996bebf636c8,14/05/2019,
4,30/06/2019,E01080,24edd217-a2e8-4db4-b3e3-2f82249eb676,14/05/2019,
4,31/07/2019,E00721,62f0c2e2-a80d-4527-9557-d7f6523e7786,10/05/2019,
4,31/07/2019,E01421,b4c6f97b-41ec-4bd7-bcc2-a6e03bb67b70,21/05/2019,
4,31/07/2019,E01338,1b063ce5-10e5-4d6e-92ae-ac44acdddb9b,21/05/2019,
4,31/07/2019,E00647,157f84b2-b027-46f8-aa24-d81490f587be,10/05/2019,
4,31/07/2019,E01341,5007b80b-c4ff-4066-b16b-e621ce5f5046,06/05/2019,
4,31/07/2019,E01279,e5913a1e-6338-4bfc-addf-996bebf636c8,14/05/2019,
4,31/07/2019,E01080,24edd217-a2e8-4db4-b3e3-2f82249eb676,14/05/2019,
4,31/08/2019,E00721,62f0c2e2-a80d-4527-9557-d7f6523e7786,10/05/2019,
4,31/08/2019,E01421,b4c6f97b-41ec-4bd7-bcc2-a6e03bb67b70,21/05/2019,
4,31/08/2019,E01338,1b063ce5-10e5-4d6e-92ae-ac44acdddb9b,21/05/2019,
4,31/08/2019,E00647,157f84b2-b027-46f8-aa24-d81490f587be,10/05/2019,
4,31/08/2019,E01341,5007b80b-c4ff-4066-b16b-e621ce5f5046,06/05/2019,
4,31/08/2019,E01279,e5913a1e-6338-4bfc-addf-996bebf636c8,14/05/2019,
4,31/08/2019,E01080,24edd217-a2e8-4db4-b3e3-2f82249eb676,14/05/2019,
4,30/09/2019,E00721,62f0c2e2-a80d-4527-9557-d7f6523e7786,10/05/2019,
4,30/09/2019,E01421,b4c6f97b-41ec-4bd7-bcc2-a6e03bb67b70,21/05/2019,
4,30/09/2019,E01338,1b063ce5-10e5-4d6e-92ae-ac44acdddb9b,21/05/2019,
4,30/09/2019,E00647,157f84b2-b027-46f8-aa24-d81490f587be,10/05/2019,
4,30/09/2019,E01341,5007b80b-c4ff-4066-b16b-e621ce5f5046,06/05/2019,
4,30/09/2019,E01279,e5913a1e-6338-4bfc-addf-996bebf636c8,14/05/2019,
4,30/09/2019,E01080,24edd217-a2e8-4db4-b3e3-2f82249eb676,14/05/2019,06/09/2019
4,30/09/2019,E00673,2c573001-9899-41d9-a728-7d3a2a483c39,02/09/2019,
4,31/10/2019,E00721,62f0c2e2-a80d-4527-9557-d7f6523e7786,10/05/2019,
4,31/10/2019,E01421,b4c6f97b-41ec-4bd7-bcc2-a6e03bb67b70,21/05/2019,
4,31/10/2019,E01338,1b063ce5-10e5-4d6e-92ae-ac44acdddb9b,21/05/2019,
4,31/10/2019,E00647,157f84b2-b027-46f8-aa24-d81490f587be,10/05/2019,
4,31/10/2019,E01341,5007b80b-c4ff-4066-b16b-e621ce5f5046,06/05/2019,
4,31/10/2019,E01279,e5913a1e-6338-4bfc-addf-996bebf636c8,14/05/2019,
4,31/10/2019,E00673,2c573001-9899-41d9-a728-7d3a2a483c39,02/09/2019,
4,30/11/2019,E00721,62f0c2e2-a80d-4527-9557-d7f6523e7786,10/05/2019,
4,30/11/2019,E01421,b4c6f97b-41ec-4bd7-bcc2-a6e03bb67b70,21/05/2019,
4,30/11/2019,E01338,1b063ce5-10e5-4d6e-92ae-ac44acdddb9b,21/05/2019,
4,30/11/2019,E00647,157f84b2-b027-46f8-aa24-d81490f587be,10/05/2019,
4,30/11/2019,E01341,5007b80b-c4ff-4066-b16b-e621ce5f5046,06/05/2019,
4,30/11/2019,E01279,e5913a1e-6338-4bfc-addf-996bebf636c8,14/05/2019,
4,30/11/2019,E00673,2c573001-9899-41d9-a728-7d3a2a483c39,02/09/2019,
4,31/12/2019,E00721,62f0c2e2-a80d-4527-9557-d7f6523e7786,10/05/2019,
4,31/12/2019,E01421,b4c6f97b-41ec-4bd7-bcc2-a6e03bb67b70,21/05/2019,
4,31/12/2019,E01338,1b063ce5-10e5-4d6e-92ae-ac44acdddb9b,21/05/2019,
4,31/12/2019,E00647,157f84b2-b027-46f8-aa24-d81490f587be,10/05/2019,
4,31/12/2019,E01341,5007b80b-c4ff-4066-b16b-e621ce5f5046,06/05/2019,
4,31/12/2019,E01279,e5913a1e-6338-4bfc-addf-996bebf636c8,14/05/2019,
4,31/12/2019,E00673,2c573001-9899-41d9-a728-7d3a2a483c39,02/09/2019,
4,31/01/2020,E00721,62f0c2e2-a80d-4527-9557-d7f6523e7786,10/05/2019,
4,31/01/2020,E01421,b4c6f97b-41ec-4bd7-bcc2-a6e03bb67b70,21/05/2019,
4,31/01/2020,E01338,1b063ce5-10e5-4d6e-92ae-ac44acdddb9b,21/05/2019,26/01/2020
4,31/01/2020,E00647,157f84b2-b027-46f8-aa24-d81490f587be,10/05/2019,
4,31/01/2020,E01341,5007b80b-c4ff-4066-b16b-e621ce5f5046,06/05/2019,
4,31/01/2020,E01279,e5913a1e-6338-4bfc-addf-996bebf636c8,14/05/2019,
4,31/01/2020,E00673,2c573001-9899-41d9-a728-7d3a2a483c39,02/09/2019,
4,31/01/2020,E00868,d09e1650-fc70-48c3-b732-ed474f0d7373,29/01/2020,
4,29/02/2020,E00721,62f0c2e2-a80d-4527-9557-d7f6523e7786,10/05/2019,
4,29/02/2020,E01421,b4c6f97b-41ec-4bd7-bcc2-a6e03bb67b70,21/05/2019,
4,29/02/2020,E00647,157f84b2-b027-46f8-aa24-d81490f587be,10/05/2019,
4,29/02/2020,E01341,5007b80b-c4ff-4066-b16b-e621ce5f5046,06/05/2019,
4,29/02/2020,E01279,e5913a1e-6338-4bfc-addf-996bebf636c8,14/05/2019,
4,29/02/2020,E00673,2c573001-9899-41d9-a728-7d3a2a483c39,02/09/2019,
4,29/02/2020,E00868,d09e1650-fc70-48c3-b732-ed474f0d7373,29/01/2020,
4,31/03/2020,E00721,62f0c2e2-a80d-4527-9557-d7f6523e7786,10/05/2019,
4,31/03/2020,E01421,b4c6f97b-41ec-4bd7-bcc2-a6e03bb67b70,21/05/2019,
4,31/03/2020,E00647,157f84b2-b027-46f8-aa24-d81490f587be,10/05/2019,
4,31/03/2020,E01341,5007b80b-c4ff-4066-b16b-e621ce5f5046,06/05/2019,
4,31/03/2020,E01279,e5913a1e-6338-4bfc-addf-996bebf636c8,14/05/2019,
4,31/03/2020,E00673,2c573001-9899-41d9-a728-7d3a2a483c39,02/09/2019,
4,31/03/2020,E00868,d09e1650-fc70-48c3-b732-ed474f0d7373,29/01/2020,
4,30/04/2020,E00721,62f0c2e2-a80d-4527-9557-d7f6523e7786,10/05/2019,
4,30/04/2020,E01421,b4c6f97b-41ec-4bd7-bcc2-a6e03bb67b70,21/05/2019,
4,30/04/2020,E00647,157f84b2-b027-46f8-aa24-d81490f587be,10/05/2019,
4,30/04/2020,E01341,5007b80b-c4ff-4066-b16b-e621ce5f5046,06/05/2019,
4,30/04/2020,E01279,e5913a1e-6338-4bfc-addf-996bebf636c8,14/05/2019,
4,30/04/2020,E00673,2c573001-9899-41d9-a728-7d3a2a483c39,02/09/2019,
4,30/04/2020,E00868,d09e1650-fc70-48c3-b732-ed474f0d7373,29/01/2020,
4,31/05/2020,E00721,62f0c2e2-a80d-4527-9557-d7f6523e7786,10/05/2019,
4,31/05/2020,E01421,b4c6f97b-41ec-4bd7-bcc2-a6e03bb67b70,21/05/2019,
4,31/05/2020,E00647,157f84b2-b027-46f8-aa24-d81490f587be,10/05/2019,
4,31/05/2020,E01341,5007b80b-c4ff-4066-b16b-e621ce5f5046,06/05/2019,
4,31/05/2020,E01279,e5913a1e-6338-4bfc-addf-996bebf636c8,14/05/2019,
4,31/05/2020,E00673,2c573001-9899-41d9-a728-7d3a2a483c39,02/09/2019,
4,31/05/2020,E00868,d09e1650-fc70-48c3-b732-ed474f0d7373,29/01/2020,
4,30/06/2020,E00721,62f0c2e2-a80d-4527-9557-d7f6523e7786,10/05/2019,
4,30/06/2020,E01421,b4c6f97b-41ec-4bd7-bcc2-a6e03bb67b70,21/05/2019,09/06/2020
4,30/06/2020,E00647,157f84b2-b027-46f8-aa24-d81490f587be,10/05/2019,
4,30/06/2020,E01341,5007b80b-c4ff-4066-b16b-e621ce5f5046,06/05/2019,
4,30/06/2020,E01279,e5913a1e-6338-4bfc-addf-996bebf636c8,14/05/2019,
4,30/06/2020,E00673,2c573001-9899-41d9-a728-7d3a2a483c39,02/09/2019,
4,30/06/2020,E00868,d09e1650-fc70-48c3-b732-ed474f0d7373,29/01/2020,
4,30/06/2020,E01406,57dfd53e-603b-4e03-941a-afc936cf31a9,07/06/2020,
4,31/07/2020,E00721,62f0c2e2-a80d-4527-9557-d7f6523e7786,10/05/2019,
4,31/07/2020,E00647,157f84b2-b027-46f8-aa24-d81490f587be,10/05/2019,
4,31/07/2020,E01341,5007b80b-c4ff-4066-b16b-e621ce5f5046,06/05/2019,
4,31/07/2020,E01279,e5913a1e-6338-4bfc-addf-996bebf636c8,14/05/2019,
4,31/07/2020,E00673,2c573001-9899-41d9-a728-7d3a2a483c39,02/09/2019,
4,31/07/2020,E00868,d09e1650-fc70-48c3-b732-ed474f0d7373,29/01/2020,
4,31/07/2020,E01406,57dfd53e-603b-4e03-941a-afc936cf31a9,07/06/2020,
4,31/08/2020,E00721,62f0c2e2-a80d-4527-9557-d7f6523e7786,10/05/2019,
4,31/08/2020,E00647,157f84b2-b027-46f8-aa24-d81490f587be,10/05/2019,
4,31/08/2020,E01341,5007b80b-c4ff-4066-b16b-e621ce5f5046,06/05/2019,
4,31/08/2020,E01279,e5913a1e-6338-4bfc-addf-996bebf636c8,14/05/2019,
4,31/08/2020,E00673,2c573001-9899-41d9-a728-7d3a2a483c39,02/09/2019,
4,31/08/2020,E00868,d09e1650-fc70-48c3-b732-ed474f0d7373,29/01/2020,
4,31/08/2020,E01406,57dfd53e-603b-4e03-941a-afc936cf31a9,07/06/2020,
4,30/09/2020,E00721,62f0c2e2-a80d-4527-9557-d7f6523e7786,10/05/2019,
4,30/09/2020,E00647,157f84b2-b027-46f8-aa24-d81490f587be,10/05/2019,
4,30/09/2020,E01341,5007b80b-c4ff-4066-b16b-e621ce5f5046,06/05/2019,
4,30/09/2020,E01279,e5913a1e-6338-4bfc-addf-996bebf636c8,14/05/2019,
4,30/09/2020,E00673,2c573001-9899-41d9-a728-7d3a2a483c39,02/09/2019,
4,30/09/2020,E00868,d09e1650-fc70-48c3-b732-ed474f0d7373,29/01/2020,
4,30/09/2020,E01406,57dfd53e-603b-4e03-941a-afc936cf31a9,07/06/2020,
4,31/10/2020,E00721,62f0c2e2-a80d-4527-9557-d7f6523e7786,10/05/2019,25/10/2020
4,31/10/2020,E00647,157f84b2-b027-46f8-aa24-d81490f587be,10/05/2019,
4,31/10/2020,E01341,5007b80b-c4ff-4066-b16b-e621ce5f5046,06/05/2019,
4,31/10/2020,E01279,e5913a1e-6338-4bfc-addf-996bebf636c8,14/05/2019,
4,31/10/2020,E00673,2c573001-9899-41d9-a728-7d3a2a483c39,02/09/2019,
4,31/10/2020,E00868,d09e1650-fc70-48c3-b732-ed474f0d7373,29/01/2020,
4,31/10/2020,E01406,57dfd53e-603b-4e03-941a-afc936cf31a9,07/06/2020,
4,31/10/2020,E01184,eb44aebf-7dd5-45ee-aa72-1b3aff29f463,06/10/2020,
4,30/11/2020,E00647,157f84b2-b027-46f8-aa24-d81490f587be,10/05/2019,
4,30/11/2020,E01341,5007b80b-c4ff-4066-b16b-e621ce5f5046,06/05/2019,
4,30/11/2020,E01279,e5913a1e-6338-4bfc-addf-996bebf636c8,14/05/2019,
4,30/11/2020,E00673,2c573001-9899-41d9-a728-7d3a2a483c39,02/09/2019,
4,30/11/2020,E00868,d09e1650-fc70-48c3-b732-ed474f0d7373,29/01/2020,
4,30/11/2020,E01406,57dfd53e-603b-4e03-941a-afc936cf31a9,07/06/2020,
4,30/11/2020,E01184,eb44aebf-7dd5-45ee-aa72-1b3aff29f463,06/10/2020,
4,30/11/2020,E00938,3c347c10-fa48-4142-8713-75a7ffd81118,10/11/2020,
4,31/12/2020,E00647,157f84b2-b027-46f8-aa24-d81490f587be,10/05/2019,
4,31/12/2020,E01341,5007b80b-c4ff-4066-b16b-e621ce5f5046,06/05/2019,
4,31/12/2020,E01279,e5913a1e-6338-4bfc-addf-996bebf636c8,14/05/2019,
4,31/12/2020,E00673,2c573001-9899-41d9-a728-7d3a2a483c39,02/09/2019,
4,31/12/2020,E00868,d09e1650-fc70-48c3-b732-ed474f0d7373,29/01/2020,
4,31/12/2020,E01406,57dfd53e-603b-4e03-941a-afc936cf31a9,07/06/2020,
4,31/12/2020,E01184,eb44aebf-7dd5-45ee-aa72-1b3aff29f463,06/10/2020,
4,31/12/2020,E00938,3c347c10-fa48-4142-8713-75a7ffd81118,10/11/2020,
4,31/12/2020,E01105,4db61ea9-3c48-48e0-8f02-e006c2698bc8,11/12/2020,
4,31/01/2021,E00647,157f84b2-b027-46f8-aa24-d81490f587be,10/05/2019,
4,31/01/2021,E01341,5007b80b-c4ff-4066-b16b-e621ce5f5046,06/05/2019,
4,31/01/2021,E01279,e5913a1e-6338-4bfc-addf-996bebf636c8,14/05/2019,
4,31/01/2021,E00673,2c573001-9899-41d9-a728-7d3a2a483c39,02/09/2019,
4,31/01/2021,E00868,d09e1650-fc70-48c3-b732-ed474f0d7373,29/01/2020,
4,31/01/2021,E01406,57dfd53e-603b-4e03-941a-afc936cf31a9,07/06/2020,
4,31/01/2021,E01184,eb44aebf-7dd5-45ee-aa72-1b3aff29f463,06/10/2020,
4,31/01/2021,E00938,3c347c10-fa48-4142-8713-75a7ffd81118,10/11/2020,
4,31/01/2021,E01105,4db61ea9-3c48-48e0-8f02-e006c2698bc8,11/12/2020,30/01/2021
4,31/01/2021,E00836,3384f9e4-0043-42ad-8088-5dda76e215eb,07/01/2021,
4,31/01/2021,E01260,bf7aec66-5de6-474f-a078-46937ea52b60,24/01/2021,
4,28/02/2021,E00647,157f84b2-b027-46f8-aa24-d81490f587be,10/05/2019,
4,28/02/2021,E01341,5007b80b-c4ff-4066-b16b-e621ce5f5046,06/05/2019,
4,28/02/2021,E01279,e5913a1e-6338-4bfc-addf-996bebf636c8,14/05/2019,
4,28/02/2021,E00673,2c573001-9899-41d9-a728-7d3a2a483c39,02/09/2019,
4,28/02/2021,E00868,d09e1650-fc70-48c3-b732-ed474f0d7373,29/01/2020,
4,28/02/2021,E01406,57dfd53e-603b-4e03-941a-afc936cf31a9,07/06/2020,
4,28/02/2021,E01184,eb44aebf-7dd5-45ee-aa72-1b3aff29f463,06/10/2020,
4,28/02/2021,E00938,3c347c10-fa48-4142-8713-75a7ffd81118,10/11/2020,
4,28/02/2021,E00836,3384f9e4-0043-42ad-8088-5dda76e215eb,07/01/2021,
4,28/02/2021,E01260,bf7aec66-5de6-474f-a078-46937ea52b60,24/01/2021,
4,31/03/2021,E00647,157f84b2-b027-46f8-aa24-d81490f587be,10/05/2019,
4,31/03/2021,E01341,5007b80b-c4ff-4066-b16b-e621ce5f5046,06/05/2019,
4,31/03/2021,E01279,e5913a1e-6338-4bfc-addf-996bebf636c8,14/05/2019,
4,31/03/2021,E00673,2c573001-9899-41d9-a728-7d3a2a483c39,02/09/2019,
4,31/03/2021,E00868,d09e1650-fc70-48c3-b732-ed474f0d7373,29/01/2020,
4,31/03/2021,E01406,57dfd53e-603b-4e03-941a-afc936cf31a9,07/06/2020,
4,31/03/2021,E01184,eb44aebf-7dd5-45ee-aa72-1b3aff29f463,06/10/2020,
4,31/03/2021,E00938,3c347c10-fa48-4142-8713-75a7ffd81118,10/11/2020,
4,31/03/2021,E00836,3384f9e4-0043-42ad-8088-5dda76e215eb,07/01/2021,
4,31/03/2021,E01260,bf7aec66-5de6-474f-a078-46937ea52b60,24/01/2021,
4,30/04/2021,E00647,157f84b2-b027-46f8-aa24-d81490f587be,10/05/2019,
4,30/04/2021,E01341,5007b80b-c4ff-4066-b16b-e621ce5f5046,06/05/2019,
4,30/04/2021,E01279,e5913a1e-6338-4bfc-addf-996bebf636c8,14/05/2019,
4,30/04/2021,E00673,2c573001-9899-41d9-a728-7d3a2a483c39,02/09/2019,
4,30/04/2021,E00868,d09e1650-fc70-48c3-b732-ed474f0d7373,29/01/2020,
4,30/04/2021,E01406,57dfd53e-603b-4e03-941a-afc936cf31a9,07/06/2020,
4,30/04/2021,E01184,eb44aebf-7dd5-45ee-aa72-1b3aff29f463,06/10/2020,
4,30/04/2021,E00938,3c347c10-fa48-4142-8713-75a7ffd81118,10/11/2020,04/04/2021
4,30/04/2021,E00836,3384f9e4-0043-42ad-8088-5dda76e215eb,07/01/2021,
4,30/04/2021,E01260,bf7aec66-5de6-474f-a078-46937ea52b60,24/01/2021,
4,30/04/2021,E00729,bd1c2337-da15-43f5-ad8e-21970e4894b0,05/04/2021,
4,31/05/2021,E00647,157f84b2-b027-46f8-aa24-d81490f587be,10/05/2019,18/05/2021
4,31/05/2021,E01341,5007b80b-c4ff-4066-b16b-e621ce5f5046,06/05/2019,
4,31/05/2021,E01279,e5913a1e-6338-4bfc-addf-996bebf636c8,14/05/2019,
4,31/05/2021,E00673,2c573001-9899-41d9-a728-7d3a2a483c39,02/09/2019,
4,31/05/2021,E00868,d09e1650-fc70-48c3-b732-ed474f0d7373,29/01/2020,
4,31/05/2021,E01406,57dfd53e-603b-4e03-941a-afc936cf31a9,07/06/2020,
4,31/05/2021,E01184,eb44aebf-7dd5-45ee-aa72-1b3aff29f463,06/10/2020,
4,31/05/2021,E00836,3384f9e4-0043-42ad-8088-5dda76e215eb,07/01/2021,
4,31/05/2021,E01260,bf7aec66-5de6-474f-a078-46937ea52b60,24/01/2021,
4,31/05/2021,E00729,bd1c2337-da15-43f5-ad8e-21970e4894b0,05/04/2021,
4,30/06/2021,E01341,5007b80b-c4ff-4066-b16b-e621ce5f5046,06/05/2019,
4,30/06/2021,E01279,e5913a1e-6338-4bfc-addf-996bebf636c8,14/05/2019,
4,30/06/2021,E00673,2c573001-9899-41d9-a728-7d3a2a483c39,02/09/2019,
4,30/06/2021,E00868,d09e1650-fc70-48c3-b732-ed474f0d7373,29/01/2020,
4,30/06/2021,E01406,57dfd53e-603b-4e03-941a-afc936cf31a9,07/06/2020,
4,30/06/2021,E01184,eb44aebf-7dd5-45ee-aa72-1b3aff29f463,06/10/2020,
4,30/06/2021,E00836,3384f9e4-0043-42ad-8088-5dda76e215eb,07/01/2021,
4,30/06/2021,E01260,bf7aec66-5de6-474f-a078-46937ea52b60,24/01/2021,
4,30/06/2021,E00729,bd1c2337-da15-43f5-ad8e-21970e4894b0,05/04/2021,
4,30/06/2021,E01204,779a7fbc-6771-4c35-acb5-e581a3797156,14/06/2021,
4,30/06/2021,E01408,f802c705-ed9a-4bef-9425-66c6b1d17323,28/06/2021,
4,31/07/2021,E01341,5007b80b-c4ff-4066-b16b-e621ce5f5046,06/05/2019,
4,31/07/2021,E01279,e5913a1e-6338-4bfc-addf-996bebf636c8,14/05/2019,
4,31/07/2021,E00673,2c573001-9899-41d9-a728-7d3a2a483c39,02/09/2019,
4,31/07/2021,E00868,d09e1650-fc70-48c3-b732-ed474f0d7373,29/01/2020,
4,31/07/2021,E01406,57dfd53e-603b-4e03-941a-afc936cf31a9,07/06/2020,07/07/2021
4,31/07/2021,E01184,eb44aebf-7dd5-45ee-aa72-1b3aff29f463,06/10/2020,
4,31/07/2021,E00836,3384f9e4-0043-42ad-8088-5dda76e215eb,07/01/2021,
4,31/07/2021,E01260,bf7aec66-5de6-474f-a078-46937ea52b60,24/01/2021,
4,31/07/2021,E00729,bd1c2337-da15-43f5-ad8e-21970e4894b0,05/04/2021,
4,31/07/2021,E01204,779a7fbc-6771-4c35-acb5-e581a3797156,14/06/2021,
4,31/07/2021,E01408,f802c705-ed9a-4bef-9425-66c6b1d17323,28/06/2021,
4,31/07/2021,E00459,1459dbe1-ddaa-4f81-87c0-44d662c21413,14/07/2021,
4,31/07/2021,E01104,75ab809f-0da1-414e-8566-3a81c37ab0d4,19/07/2021,
4,31/08/2021,E01341,5007b80b-c4ff-4066-b16b-e621ce5f5046,06/05/2019,
4,31/08/2021,E01279,e5913a1e-6338-4bfc-addf-996bebf636c8,14/05/2019,
4,31/08/2021,E00673,2c573001-9899-41d9-a728-7d3a2a483c39,02/09/2019,
4,31/08/2021,E00868,d09e1650-fc70-48c3-b732-ed474f0d7373,29/01/2020,
4,31/08/2021,E01184,eb44aebf-7dd5-45ee-aa72-1b3aff29f463,06/10/2020,
4,31/08/2021,E00836,3384f9e4-0043-42ad-8088-5dda76e215eb,07/01/2021,
4,31/08/2021,E01260,bf7aec66-5de6-474f-a078-46937ea52b60,24/01/2021,
4,31/08/2021,E00729,bd1c2337-da15-43f5-ad8e-21970e4894b0,05/04/2021,
4,31/08/2021,E01204,779a7fbc-6771-4c35-acb5-e581a3797156,14/06/2021,
4,31/08/2021,E01408,f802c705-ed9a-4bef-9425-66c6b1d17323,28/06/2021,
4,31/08/2021,E00459,1459dbe1-ddaa-4f81-87c0-44d662c21413,14/07/2021,
4,31/08/2021,E01104,75ab809f-0da1-414e-8566-3a81c37ab0d4,19/07/2021,
4,30/09/2021,E01341,5007b80b-c4ff-4066-b16b-e621ce5f5046,06/05/2019,
4,30/09/2021,E01279,e5913a1e-6338-4bfc-addf-996bebf636c8,14/05/2019,
4,30/09/2021,E00673,2c573001-9899-41d9-a728-7d3a2a483c39,02/09/2019,
4,30/09/2021,E00868,d09e1650-fc70-48c3-b732-ed474f0d7373,29/01/2020,
4,30/09/2021,E01184,eb44aebf-7dd5-45ee-aa72-1b3aff29f463,06/10/2020,
4,30/09/2021,E00836,3384f9e4-0043-42ad-8088-5dda76e215eb,07/01/2021,
4,30/09/2021,E01260,bf7aec66-5de6-474f-a078-46937ea52b60,24/01/2021,
4,30/09/2021,E00729,bd1c2337-da15-43f5-ad8e-21970e4894b0,05/04/2021,
4,30/09/2021,E01204,779a7fbc-6771-4c35-acb5-e581a3797156,14/06/2021,
4,30/09/2021,E01408,f802c705-ed9a-4bef-9425-66c6b1d17323,28/06/2021,
4,30/09/2021,E00459,1459dbe1-ddaa-4f81-87c0-44d662c21413,14/07/2021,
4,30/09/2021,E01104,75ab809f-0da1-414e-8566-3a81c37ab0d4,19/07/2021,
4,31/10/2021,E01341,5007b80b-c4ff-4066-b16b-e621ce5f5046,06/05/2019,
4,31/10/2021,E01279,e5913a1e-6338-4bfc-addf-996bebf636c8,14/05/2019,
4,31/10/2021,E00673,2c573001-9899-41d9-a728-7d3a2a483c39,02/09/2019,
4,31/10/2021,E00868,d09e1650-fc70-48c3-b732-ed474f0d7373,29/01/2020,
4,31/10/2021,E01184,eb44aebf-7dd5-45ee-aa72-1b3aff29f463,06/10/2020,
4,31/10/2021,E00836,3384f9e4-0043-42ad-8088-5dda76e215eb,07/01/2021,
4,31/10/2021,E01260,bf7aec66-5de6-474f-a078-46937ea52b60,24/01/2021,06/10/2021
4,31/10/2021,E00729,bd1c2337-da15-43f5-ad8e-21970e4894b0,05/04/2021,
4,31/10/2021,E01204,779a7fbc-6771-4c35-acb5-e581a3797156,14/06/2021,
4,31/10/2021,E01408,f802c705-ed9a-4bef-9425-66c6b1d17323,28/06/2021,
4,31/10/2021,E00459,1459dbe1-ddaa-4f81-87c0-44d662c21413,14/07/2021,
4,31/10/2021,E01104,75ab809f-0da1-414e-8566-3a81c37ab0d4,19/07/2021,
4,31/10/2021,E00827,dccf30a3-3984-4310-a483-ce120b991192,28/10/2021,
4,31/10/2021,E00279,395efb4b-f5a9-4e68-9d2e-ec86bff05f98,16/10/2021,
4,30/11/2021,E01341,5007b80b-c4ff-4066-b16b-e621ce5f5046,06/05/2019,28/11/2021
4,30/11/2021,E01279,e5913a1e-6338-4bfc-addf-996bebf636c8,14/05/2019,
4,30/11/2021,E00673,2c573001-9899-41d9-a728-7d3a2a483c39,02/09/2019,
4,30/11/2021,E00868,d09e1650-fc70-48c3-b732-ed474f0d7373,29/01/2020,
4,30/11/2021,E01184,eb44aebf-7dd5-45ee-aa72-1b3aff29f463,06/10/2020,
4,30/11/2021,E00836,3384f9e4-0043-42ad-8088-5dda76e215eb,07/01/2021,
4,30/11/2021,E00729,bd1c2337-da15-43f5-ad8e-21970e4894b0,05/04/2021,
4,30/11/2021,E01204,779a7fbc-6771-4c35-acb5-e581a3797156,14/06/2021,
4,30/11/2021,E01408,f802c705-ed9a-4bef-9425-66c6b1d17323,28/06/2021,
4,30/11/2021,E00459,1459dbe1-ddaa-4f81-87c0-44d662c21413,14/07/2021,
4,30/11/2021,E01104,75ab809f-0da1-414e-8566-3a81c37ab0d4,19/07/2021,
4,30/11/2021,E00827,dccf30a3-3984-4310-a483-ce120b991192,28/10/2021,
4,30/11/2021,E00279,395efb4b-f5a9-4e68-9d2e-ec86bff05f98,16/10/2021,
2,31/12/2021,E01341,5007b80b-c4ff-4066-b16b-e621ce5f5046,03/12/2021,28/12/2021
4,31/12/2021,E01279,e5913a1e-6338-4bfc-addf-996bebf636c8,14/05/2019,
4,31/12/2021,E00673,2c573001-9899-41d9-a728-7d3a2a483c39,02/09/2019,
4,31/12/2021,E00868,d09e1650-fc70-48c3-b732-ed474f0d7373,29/01/2020,
4,31/12/2021,E01184,eb44aebf-7dd5-45ee-aa72-1b3aff29f463,06/10/2020,
4,31/12/2021,E00836,3384f9e4-0043-42ad-8088-5dda76e215eb,07/01/2021,
4,31/12/2021,E00729,bd1c2337-da15-43f5-ad8e-21970e4894b0,05/04/2021,
4,31/12/2021,E01204,779a7fbc-6771-4c35-acb5-e581a3797156,14/06/2021,
4,31/12/2021,E01408,f802c705-ed9a-4bef-9425-66c6b1d17323,28/06/2021,
4,31/12/2021,E00459,1459dbe1-ddaa-4f81-87c0-44d662c21413,14/07/2021,
4,31/12/2021,E01104,75ab809f-0da1-414e-8566-3a81c37ab0d4,19/07/2021,
4,31/12/2021,E00827,dccf30a3-3984-4310-a483-ce120b991192,28/10/2021,
4,31/12/2021,E00279,395efb4b-f5a9-4e68-9d2e-ec86bff05f98,16/10/2021,
4,31/12/2021,E00906,b52778da-e8aa-43a7-b988-b5c64c25a7bc,12/12/2021,
4,31/12/2021,E01050,86289266-7d66-471f-a4e9-a408034fee3b,20/12/2021,
4,31/01/2022,E01279,e5913a1e-6338-4bfc-addf-996bebf636c8,14/05/2019,
4,31/01/2022,E00673,2c573001-9899-41d9-a728-7d3a2a483c39,02/09/2019,
4,31/01/2022,E00868,d09e1650-fc70-48c3-b732-ed474f0d7373,29/01/2020,
4,31/01/2022,E01184,eb44aebf-7dd5-45ee-aa72-1b3aff29f463,06/10/2020,
4,31/01/2022,E00836,3384f9e4-0043-42ad-8088-5dda76e215eb,07/01/2021,
4,31/01/2022,E00729,bd1c2337-da15-43f5-ad8e-21970e4894b0,05/04/2021,
4,31/01/2022,E01204,779a7fbc-6771-4c35-acb5-e581a3797156,14/06/2021,
4,31/01/2022,E01408,f802c705-ed9a-4bef-9425-66c6b1d17323,28/06/2021,
4,31/01/2022,E00459,1459dbe1-ddaa-4f81-87c0-44d662c21413,14/07/2021,
4,31/01/2022,E01104,75ab809f-0da1-414e-8566-3a81c37ab0d4,19/07/2021,
4,31/01/2022,E00827,dccf30a3-3984-4310-a483-ce120b991192,28/10/2021,
4,31/01/2022,E00279,395efb4b-f5a9-4e68-9d2e-ec86bff05f98,16/10/2021,
4,31/01/2022,E00906,b52778da-e8aa-43a7-b988-b5c64c25a7bc,12/12/2021,
4,31/01/2022,E01050,86289266-7d66-471f-a4e9-a408034fee3b,20/12/2021,
4,31/01/2022,E00105,7eecf1a5-d398-4bac-bcc1-bd14a1e82669,24/01/2022,
4,28/02/2022,E01279,e5913a1e-6338-4bfc-addf-996bebf636c8,14/05/2019,26/02/2022
4,28/02/2022,E00673,2c573001-9899-41d9-a728-7d3a2a483c39,02/09/2019,
4,28/02/2022,E00868,d09e1650-fc70-48c3-b732-ed474f0d7373,29/01/2020,
4,28/02/2022,E01184,eb44aebf-7dd5-45ee-aa72-1b3aff29f463,06/10/2020,
4,28/02/2022,E00836,3384f9e4-0043-42ad-8088-5dda76e215eb,07/01/2021,
4,28/02/2022,E00729,bd1c2337-da15-43f5-ad8e-21970e4894b0,05/04/2021,
4,28/02/2022,E01204,779a7fbc-6771-4c35-acb5-e581a3797156,14/06/2021,
4,28/02/2022,E01408,f802c705-ed9a-4bef-9425-66c6b1d17323,28/06/2021,
4,28/02/2022,E00459,1459dbe1-ddaa-4f81-87c0-44d662c21413,14/07/2021,
4,28/02/2022,E01104,75ab809f-0da1-414e-8566-3a81c37ab0d4,19/07/2021,
4,28/02/2022,E00827,dccf30a3-3984-4310-a483-ce120b991192,28/10/2021,
4,28/02/2022,E00279,395efb4b-f5a9-4e68-9d2e-ec86bff05f98,16/10/2021,
4,28/02/2022,E00906,b52778da-e8aa-43a7-b988-b5c64c25a7bc,12/12/2021,
4,28/02/2022,E01050,86289266-7d66-471f-a4e9-a408034fee3b,20/12/2021,
4,28/02/2022,E00105,7eecf1a5-d398-4bac-bcc1-bd14a1e82669,24/01/2022,
4,28/02/2022,E01127,92c14e88-8e3b-40ee-a872-de693a5adf17,06/02/2022,
4,28/02/2022,E00087,317b178f-99c0-48b9-bb0d-9ea981cf77e7,28/02/2022,
4,28/02/2022,E01094,c442e840-f1fe-4be0-aa10-490dc63773c6,06/02/2022,
4,31/03/2022,E00673,2c573001-9899-41d9-a728-7d3a2a483c39,02/09/2019,
4,31/03/2022,E00868,d09e1650-fc70-48c3-b732-ed474f0d7373,29/01/2020,
4,31/03/2022,E01184,eb44aebf-7dd5-45ee-aa72-1b3aff29f463,06/10/2020,23/03/2022
4,31/03/2022,E00836,3384f9e4-0043-42ad-8088-5dda76e215eb,07/01/2021,
4,31/03/2022,E00729,bd1c2337-da15-43f5-ad8e-21970e4894b0,05/04/2021,
4,31/03/2022,E01204,779a7fbc-6771-4c35-acb5-e581a3797156,14/06/2021,
4,31/03/2022,E01408,f802c705-ed9a-4bef-9425-66c6b1d17323,28/06/2021,
4,31/03/2022,E00459,1459dbe1-ddaa-4f81-87c0-44d662c21413,14/07/2021,
4,31/03/2022,E01104,75ab809f-0da1-414e-8566-3a81c37ab0d4,19/07/2021,
4,31/03/2022,E00827,dccf30a3-3984-4310-a483-ce120b991192,28/10/2021,
4,31/03/2022,E00279,395efb4b-f5a9-4e68-9d2e-ec86bff05f98,16/10/2021,
4,31/03/2022,E00906,b52778da-e8aa-43a7-b988-b5c64c25a7bc,12/12/2021,
4,31/03/2022,E01050,86289266-7d66-471f-a4e9-a408034fee3b,20/12/2021,
4,31/03/2022,E00105,7eecf1a5-d398-4bac-bcc1-bd14a1e82669,24/01/2022,
4,31/03/2022,E01127,92c14e88-8e3b-40ee-a872-de693a5adf17,06/02/2022,
4,31/03/2022,E00087,317b178f-99c0-48b9-bb0d-9ea981cf77e7,28/02/2022,
4,31/03/2022,E01094,c442e840-f1fe-4be0-aa10-490dc63773c6,06/02/2022,
4,30/04/2022,E00673,2c573001-9899-41d9-a728-7d3a2a483c39,02/09/2019,
4,30/04/2022,E00868,d09e1650-fc70-48c3-b732-ed474f0d7373,29/01/2020,
4,30/04/2022,E00836,3384f9e4-0043-42ad-8088-5dda76e215eb,07/01/2021,
4,30/04/2022,E00729,bd1c2337-da15-43f5-ad8e-21970e4894b0,05/04/2021,
4,30/04/2022,E01204,779a7fbc-6771-4c35-acb5-e581a3797156,14/06/2021,
4,30/04/2022,E01408,f802c705-ed9a-4bef-9425-66c6b1d17323,28/06/2021,
4,30/04/2022,E00459,1459dbe1-ddaa-4f81-87c0-44d662c21413,14/07/2021,
4,30/04/2022,E01104,75ab809f-0da1-414e-8566-3a81c37ab0d4,19/07/2021,
4,30/04/2022,E00827,dccf30a3-3984-4310-a483-ce120b991192,28/10/2021,
4,30/04/2022,E00279,395efb4b-f5a9-4e68-9d2e-ec86bff05f98,16/10/2021,
4,30/04/2022,E00906,b52778da-e8aa-43a7-b988-b5c64c25a7bc,12/12/2021,
4,30/04/2022,E01050,86289266-7d66-471f-a4e9-a408034fee3b,20/12/2021,
4,30/04/2022,E00105,7eecf1a5-d398-4bac-bcc1-bd14a1e82669,24/01/2022,28/04/2022
4,30/04/2022,E01127,92c14e88-8e3b-40ee-a872-de693a5adf17,06/02/2022,
4,30/04/2022,E00087,317b178f-99c0-48b9-bb0d-9ea981cf77e7,28/02/2022,
4,30/04/2022,E01094,c442e840-f1fe-4be0-aa10-490dc63773c6,06/02/2022,
4,30/04/2022,E00363,127d7847-1008-4833-901a-22e31cd782d8,30/04/2022,
4,31/05/2022,E00673,2c573001-9899-41d9-a728-7d3a2a483c39,02/09/2019,
4,31/05/2022,E00868,d09e1650-fc70-48c3-b732-ed474f0d7373,29/01/2020,
4,31/05/2022,E00836,3384f9e4-0043-42ad-8088-5dda76e215eb,07/01/2021,
4,31/05/2022,E00729,bd1c2337-da15-43f5-ad8e-21970e4894b0,05/04/2021,
4,31/05/2022,E01204,779a7fbc-6771-4c35-acb5-e581a3797156,14/06/2021,
4,31/05/2022,E01408,f802c705-ed9a-4bef-9425-66c6b1d17323,28/06/2021,
4,31/05/2022,E00459,1459dbe1-ddaa-4f81-87c0-44d662c21413,14/07/2021,
4,31/05/2022,E01104,75ab809f-0da1-414e-8566-3a81c37ab0d4,19/07/2021,
4,31/05/2022,E00827,dccf30a3-3984-4310-a483-ce120b991192,28/10/2021,
4,31/05/2022,E00279,395efb4b-f5a9-4e68-9d2e-ec86bff05f98,16/10/2021,
4,31/05/2022,E00906,b52778da-e8aa-43a7-b988-b5c64c25a7bc,12/12/2021,
4,31/05/2022,E01050,86289266-7d66-471f-a4e9-a408034fee3b,20/12/2021,
4,31/05/2022,E01127,92c14e88-8e3b-40ee-a872-de693a5adf17,06/02/2022,
4,31/05/2022,E00087,317b178f-99c0-48b9-bb0d-9ea981cf77e7,28/02/2022,
4,31/05/2022,E01094,c442e840-f1fe-4be0-aa10-490dc63773c6,06/02/2022,
4,31/05/2022,E00363,127d7847-1008-4833-901a-22e31cd782d8,30/04/2022,
4,30/06/2022,E00673,2c573001-9899-41d9-a728-7d3a2a483c39,02/09/2019,
4,30/06/2022,E00868,d09e1650-fc70-48c3-b732-ed474f0d7373,29/01/2020,
4,30/06/2022,E00836,3384f9e4-0043-42ad-8088-5dda76e215eb,07/01/2021,
4,30/06/2022,E00729,bd1c2337-da15-43f5-ad8e-21970e4894b0,05/04/2021,17/06/2022
4,30/06/2022,E01204,779a7fbc-6771-4c35-acb5-e581a3797156,14/06/2021,
4,30/06/2022,E01408,f802c705-ed9a-4bef-9425-66c6b1d17323,28/06/2021,
4,30/06/2022,E00459,1459dbe1-ddaa-4f81-87c0-44d662c21413,14/07/2021,
4,30/06/2022,E01104,75ab809f-0da1-414e-8566-3a81c37ab0d4,19/07/2021,
4,30/06/2022,E00827,dccf30a3-3984-4310-a483-ce120b991192,28/10/2021,
4,30/06/2022,E00279,395efb4b-f5a9-4e68-9d2e-ec86bff05f98,16/10/2021,
4,30/06/2022,E00906,b52778da-e8aa-43a7-b988-b5c64c25a7bc,12/12/2021,
4,30/06/2022,E01050,86289266-7d66-471f-a4e9-a408034fee3b,20/12/2021,
4,30/06/2022,E01127,92c14e88-8e3b-40ee-a872-de693a5adf17,06/02/2022,
4,30/06/2022,E00087,317b178f-99c0-48b9-bb0d-9ea981cf77e7,28/02/2022,
4,30/06/2022,E01094,c442e840-f1fe-4be0-aa10-490dc63773c6,06/02/2022,
4,30/06/2022,E00363,127d7847-1008-4833-901a-22e31cd782d8,30/04/2022,
4,30/06/2022,E00642,0ad9de87-6668-402e-9a13-58bbf3be5ba7,26/06/2022,
4,30/06/2022,E01097,593acb49-018a-4e24-94d7-243bee496e4a,28/06/2022,
4,30/06/2022,E00757,2a3f3e05-50a2-430d-bec2-925abb7acf7a,13/06/2022,
4,31/07/2022,E00673,2c573001-9899-41d9-a728-7d3a2a483c39,02/09/2019,
4,31/07/2022,E00868,d09e1650-fc70-48c3-b732-ed474f0d7373,29/01/2020,
4,31/07/2022,E00836,3384f9e4-0043-42ad-8088-5dda76e215eb,07/01/2021,
4,31/07/2022,E01204,779a7fbc-6771-4c35-acb5-e581a3797156,14/06/2021,01/07/2022
4,31/07/2022,E01408,f802c705-ed9a-4bef-9425-66c6b1d17323,28/06/2021,
4,31/07/2022,E00459,1459dbe1-ddaa-4f81-87c0-44d662c21413,14/07/2021,
4,31/07/2022,E01104,75ab809f-0da1-414e-8566-3a81c37ab0d4,19/07/2021,
4,31/07/2022,E00827,dccf30a3-3984-4310-a483-ce120b991192,28/10/2021,
4,31/07/2022,E00279,395efb4b-f5a9-4e68-9d2e-ec86bff05f98,16/10/2021,
4,31/07/2022,E00906,b52778da-e8aa-43a7-b988-b5c64c25a7bc,12/12/2021,
4,31/07/2022,E01050,86289266-7d66-471f-a4e9-a408034fee3b,20/12/2021,
4,31/07/2022,E01127,92c14e88-8e3b-40ee-a872-de693a5adf17,06/02/2022,
4,31/07/2022,E00087,317b178f-99c0-48b9-bb0d-9ea981cf77e7,28/02/2022,
4,31/07/2022,E01094,c442e840-f1fe-4be0-aa10-490dc63773c6,06/02/2022,
4,31/07/2022,E00363,127d7847-1008-4833-901a-22e31cd782d8,30/04/2022,
4,31/07/2022,E00642,0ad9de87-6668-402e-9a13-58bbf3be5ba7,26/06/2022,
4,31/07/2022,E01097,593acb49-018a-4e24-94d7-243bee496e4a,28/06/2022,
4,31/07/2022,E00757,2a3f3e05-50a2-430d-bec2-925abb7acf7a,13/06/2022,
4,31/08/2022,E00673,2c573001-9899-41d9-a728-7d3a2a483c39,02/09/2019,
4,31/08/2022,E00868,d09e1650-fc70-48c3-b732-ed474f0d7373,29/01/2020,
4,31/08/2022,E00836,3384f9e4-0043-42ad-8088-5dda76e215eb,07/01/2021,
4,31/08/2022,E01408,f802c705-ed9a-4bef-9425-66c6b1d17323,28/06/2021,
4,31/08/2022,E00459,1459dbe1-ddaa-4f81-87c0-44d662c21413,14/07/2021,
4,31/08/2022,E01104,75ab809f-0da1-414e-8566-3a81c37ab0d4,19/07/2021,
4,31/08/2022,E00827,dccf30a3-3984-4310-a483-ce120b991192,28/10/2021,
4,31/08/2022,E00279,395efb4b-f5a9-4e68-9d2e-ec86bff05f98,16/10/2021,
4,31/08/2022,E00906,b52778da-e8aa-43a7-b988-b5c64c25a7bc,12/12/2021,
4,31/08/2022,E01050,86289266-7d66-471f-a4e9-a408034fee3b,20/12/2021,
4,31/08/2022,E01127,92c14e88-8e3b-40ee-a872-de693a5adf17,06/02/2022,
4,31/08/2022,E00087,317b178f-99c0-48b9-bb0d-9ea981cf77e7,28/02/2022,
4,31/08/2022,E01094,c442e840-f1fe-4be0-aa10-490dc63773c6,06/02/2022,
4,31/08/2022,E00363,127d7847-1008-4833-901a-22e31cd782d8,30/04/2022,
4,31/08/2022,E00642,0ad9de87-6668-402e-9a13-58bbf3be5ba7,26/06/2022,
4,31/08/2022,E01097,593acb49-018a-4e24-94d7-243bee496e4a,28/06/2022,
4,31/08/2022,E00757,2a3f3e05-50a2-430d-bec2-925abb7acf7a,13/06/2022,
4,31/08/2022,E00802,c4c31c44-1aa6-4d9c-8d93-4b907daa36bd,29/08/2022,
4,30/09/2022,E00673,2c573001-9899-41d9-a728-7d3a2a483c39,02/09/2019,
4,30/09/2022,E00868,d09e1650-fc70-48c3-b732-ed474f0d7373,29/01/2020,
4,30/09/2022,E00836,3384f9e4-0043-42ad-8088-5dda76e215eb,07/01/2021,
4,30/09/2022,E01408,f802c705-ed9a-4bef-9425-66c6b1d17323,28/06/2021,
4,30/09/2022,E00459,1459dbe1-ddaa-4f81-87c0-44d662c21413,14/07/2021,
4,30/09/2022,E01104,75ab809f-0da1-414e-8566-3a81c37ab0d4,19/07/2021,
4,30/09/2022,E00827,dccf30a3-3984-4310-a483-ce120b991192,28/10/2021,
4,30/09/2022,E00279,395efb4b-f5a9-4e68-9d2e-ec86bff05f98,16/10/2021,
4,30/09/2022,E00906,b52778da-e8aa-43a7-b988-b5c64c25a7bc,12/12/2021,20/09/2022
4,30/09/2022,E01050,86289266-7d66-471f-a4e9-a408034fee3b,20/12/2021,
4,30/09/2022,E01127,92c14e88-8e3b-40ee-a872-de693a5adf17,06/02/2022,
4,30/09/2022,E00087,317b178f-99c0-48b9-bb0d-9ea981cf77e7,28/02/2022,
4,30/09/2022,E01094,c442e840-f1fe-4be0-aa10-490dc63773c6,06/02/2022,
4,30/09/2022,E00363,127d7847-1008-4833-901a-22e31cd782d8,30/04/2022,
4,30/09/2022,E00642,0ad9de87-6668-402e-9a13-58bbf3be5ba7,26/06/2022,
4,30/09/2022,E01097,593acb49-018a-4e24-94d7-243bee496e4a,28/06/2022,
4,30/09/2022,E00757,2a3f3e05-50a2-430d-bec2-925abb7acf7a,13/06/2022,
4,30/09/2022,E00802,c4c31c44-1aa6-4d9c-8d93-4b907daa36bd,29/08/2022,
4,30/09/2022,E01122,d4cc6d38-b37b-4fb4-a677-f4baa3195d2f,11/09/2022,
4,31/10/2022,E00673,2c573001-9899-41d9-a728-7d3a2a483c39,02/09/2019,
4,31/10/2022,E00868,d09e1650-fc70-48c3-b732-ed474f0d7373,29/01/2020,
4,31/10/2022,E00836,3384f9e4-0043-42ad-8088-5dda76e215eb,07/01/2021,
4,31/10/2022,E01408,f802c705-ed9a-4bef-9425-66c6b1d17323,28/06/2021,
4,31/10/2022,E00459,1459dbe1-ddaa-4f81-87c0-44d662c21413,14/07/2021,
4,31/10/2022,E01104,75ab809f-0da1-414e-8566-3a81c37ab0d4,19/07/2021,
4,31/10/2022,E00827,dccf30a3-3984-4310-a483-ce120b991192,28/10/2021,
4,31/10/2022,E00279,395efb4b-f5a9-4e68-9d2e-ec86bff05f98,16/10/2021,
4,31/10/2022,E01050,86289266-7d66-471f-a4e9-a408034fee3b,20/12/2021,
4,31/10/2022,E01127,92c14e88-8e3b-40ee-a872-de693a5adf17,06/02/2022,
4,31/10/2022,E00087,317b178f-99c0-48b9-bb0d-9ea981cf77e7,28/02/2022,
4,31/10/2022,E01094,c442e840-f1fe-4be0-aa10-490dc63773c6,06/02/2022,
4,31/10/2022,E00363,127d7847-1008-4833-901a-22e31cd782d8,30/04/2022,
4,31/10/2022,E00642,0ad9de87-6668-402e-9a13-58bbf3be5ba7,26/06/2022,
4,31/10/2022,E01097,593acb49-018a-4e24-94d7-243bee496e4a,28/06/2022,
4,31/10/2022,E00757,2a3f3e05-50a2-430d-bec2-925abb7acf7a,13/06/2022,
4,31/10/2022,E00802,c4c31c44-1aa6-4d9c-8d93-4b907daa36bd,29/08/2022,
4,31/10/2022,E01122,d4cc6d38-b37b-4fb4-a677-f4baa3195d2f,11/09/2022,
4,31/10/2022,E01370,1f77123e-7768-4caa-bdef-f3194ecf92b1,13/10/2022,
4,30/11/2022,E00673,2c573001-9899-41d9-a728-7d3a2a483c39,02/09/2019,
4,30/11/2022,E00868,d09e1650-fc70-48c3-b732-ed474f0d7373,29/01/2020,
4,30/11/2022,E00836,3384f9e4-0043-42ad-8088-5dda76e215eb,07/01/2021,
4,30/11/2022,E01408,f802c705-ed9a-4bef-9425-66c6b1d17323,28/06/2021,
4,30/11/2022,E00459,1459dbe1-ddaa-4f81-87c0-44d662c21413,14/07/2021,
4,30/11/2022,E01104,75ab809f-0da1-414e-8566-3a81c37ab0d4,19/07/2021,
4,30/11/2022,E00827,dccf30a3-3984-4310-a483-ce120b991192,28/10/2021,
4,30/11/2022,E00279,395efb4b-f5a9-4e68-9d2e-ec86bff05f98,16/10/2021,
4,30/11/2022,E01050,86289266-7d66-471f-a4e9-a408034fee3b,20/12/2021,
4,30/11/2022,E01127,92c14e88-8e3b-40ee-a872-de693a5adf17,06/02/2022,
4,30/11/2022,E00087,317b178f-99c0-48b9-bb0d-9ea981cf77e7,28/02/2022,30/11/2022
4,30/11/2022,E01094,c442e840-f1fe-4be0-aa10-490dc63773c6,06/02/2022,
4,30/11/2022,E00363,127d7847-1008-4833-901a-22e31cd782d8,30/04/2022,
4,30/11/2022,E00642,0ad9de87-6668-402e-9a13-58bbf3be5ba7,26/06/2022,
4,30/11/2022,E01097,593acb49-018a-4e24-94d7-243bee496e4a,28/06/2022,
4,30/11/2022,E00757,2a3f3e05-50a2-430d-bec2-925abb7acf7a,13/06/2022,
4,30/11/2022,E00802,c4c31c44-1aa6-4d9c-8d93-4b907daa36bd,29/08/2022,
4,30/11/2022,E01122,d4cc6d38-b37b-4fb4-a677-f4baa3195d2f,11/09/2022,
4,30/11/2022,E01370,1f77123e-7768-4caa-bdef-f3194ecf92b1,13/10/2022,
4,30/11/2022,E00754,45f37973-a780-4e1d-beb4-e1277b8521cf,22/11/2022,
4,30/11/2022,E00306,5a590baa-d9a7-4ba1-8517-a3007cdb411e,05/11/2022,
4,30/11/2022,E00813,04b4db83-e98c-46d6-9862-3c69cd29b63e,11/11/2022,
4,31/12/2022,E00673,2c573001-9899-41d9-a728-7d3a2a483c39,02/09/2019,
4,31/12/2022,E00868,d09e1650-fc70-48c3-b732-ed474f0d7373,29/01/2020,
4,31/12/2022,E00836,3384f9e4-0043-42ad-8088-5dda76e215eb,07/01/2021,
4,31/12/2022,E01408,f802c705-ed9a-4bef-9425-66c6b1d17323,28/06/2021,
4,31/12/2022,E00459,1459dbe1-ddaa-4f81-87c0-44d662c21413,14/07/2021,
4,31/12/2022,E01104,75ab809f-0da1-414e-8566-3a81c37ab0d4,19/07/2021,
4,31/12/2022,E00827,dccf30a3-3984-4310-a483-ce120b991192,28/10/2021,
4,31/12/2022,E00279,395efb4b-f5a9-4e68-9d2e-ec86bff05f98,16/10/2021,
4,31/12/2022,E01050,86289266-7d66-471f-a4e9-a408034fee3b,20/12/2021,
4,31/12/2022,E01127,92c14e88-8e3b-40ee-a872-de693a5adf17,06/02/2022,
4,31/12/2022,E01094,c442e840-f1fe-4be0-aa10-490dc63773c6,06/02/2022,
4,31/12/2022,E00363,127d7847-1008-4833-901a-22e31cd782d8,30/04/2022,
4,31/12/2022,E00642,0ad9de87-6668-402e-9a13-58bbf3be5ba7,26/06/2022,
4,31/12/2022,E01097,593acb49-018a-4e24-94d7-243bee496e4a,28/06/2022,
4,31/12/2022,E00757,2a3f3e05-50a2-430d-bec2-925abb7acf7a,13/06/2022,
4,31/12/2022,E00802,c4c31c44-1aa6-4d9c-8d93-4b907daa36bd,29/08/2022,
4,31/12/2022,E01122,d4cc6d38-b37b-4fb4-a677-f4baa3195d2f,11/09/2022,
4,31/12/2022,E01370,1f77123e-7768-4caa-bdef-f3194ecf92b1,13/10/2022,30/12/2022
4,31/12/2022,E00754,45f37973-a780-4e1d-beb4-e1277b8521cf,22/11/2022,
4,31/12/2022,E00306,5a590baa-d9a7-4ba1-8517-a3007cdb411e,05/11/2022,
4,31/12/2022,E00813,04b4db83-e98c-46d6-9862-3c69cd29b63e,11/11/2022,
4,31/12/2022,E00278,bce6944f-bc55-4b31-8bb7-9ef9eb8a0b12,10/12/2022,
4,31/01/2023,E00673,2c573001-9899-41d9-a728-7d3a2a483c39,02/09/2019,
4,31/01/2023,E00868,d09e1650-fc70-48c3-b732-ed474f0d7373,29/01/2020,
4,31/01/2023,E00836,3384f9e4-0043-42ad-8088-5dda76e215eb,07/01/2021,
4,31/01/2023,E01408,f802c705-ed9a-4bef-9425-66c6b1d17323,28/06/2021,
4,31/01/2023,E00459,1459dbe1-ddaa-4f81-87c0-44d662c21413,14/07/2021,
4,31/01/2023,E01104,75ab809f-0da1-414e-8566-3a81c37ab0d4,19/07/2021,
4,31/01/2023,E00827,dccf30a3-3984-4310-a483-ce120b991192,28/10/2021,
4,31/01/2023,E00279,395efb4b-f5a9-4e68-9d2e-ec86bff05f98,16/10/2021,31/01/2023
4,31/01/2023,E01050,86289266-7d66-471f-a4e9-a408034fee3b,20/12/2021,
4,31/01/2023,E01127,92c14e88-8e3b-40ee-a872-de693a5adf17,06/02/2022,
4,31/01/2023,E01094,c442e840-f1fe-4be0-aa10-490dc63773c6,06/02/2022,
4,31/01/2023,E00363,127d7847-1008-4833-901a-22e31cd782d8,30/04/2022,
4,31/01/2023,E00642,0ad9de87-6668-402e-9a13-58bbf3be5ba7,26/06/2022,
4,31/01/2023,E01097,593acb49-018a-4e24-94d7-243bee496e4a,28/06/2022,
4,31/01/2023,E00757,2a3f3e05-50a2-430d-bec2-925abb7acf7a,13/06/2022,
4,31/01/2023,E00802,c4c31c44-1aa6-4d9c-8d93-4b907daa36bd,29/08/2022,
4,31/01/2023,E01122,d4cc6d38-b37b-4fb4-a677-f4baa3195d2f,11/09/2022,
4,31/01/2023,E00754,45f37973-a780-4e1d-beb4-e1277b8521cf,22/11/2022,
4,31/01/2023,E00306,5a590baa-d9a7-4ba1-8517-a3007cdb411e,05/11/2022,
4,31/01/2023,E00813,04b4db83-e98c-46d6-9862-3c69cd29b63e,11/11/2022,
4,31/01/2023,E00278,bce6944f-bc55-4b31-8bb7-9ef9eb8a0b12,10/12/2022,
4,31/01/2023,E01459,0f322a60-7ea0-49bc-a5fa-7e46ea8d165c,08/01/2023,
4,31/01/2023,E00045,84738036-ca7a-4377-956b-01306538db1d,30/01/2023,
4,28/02/2023,E00673,2c573001-9899-41d9-a728-7d3a2a483c39,02/09/2019,
4,28/02/2023,E00868,d09e1650-fc70-48c3-b732-ed474f0d7373,29/01/2020,
4,28/02/2023,E00836,3384f9e4-0043-42ad-8088-5dda76e215eb,07/01/2021,
4,28/02/2023,E01408,f802c705-ed9a-4bef-9425-66c6b1d17323,28/06/2021,
4,28/02/2023,E00459,1459dbe1-ddaa-4f81-87c0-44d662c21413,14/07/2021,
4,28/02/2023,E01104,75ab809f-0da1-414e-8566-3a81c37ab0d4,19/07/2021,
4,28/02/2023,E00827,dccf30a3-3984-4310-a483-ce120b991192,28/10/2021,
6,28/02/2023,E00279,395efb4b-f5a9-4e68-9d2e-ec86bff05f98,06/02/2023,
4,28/02/2023,E01050,86289266-7d66-471f-a4e9-a408034fee3b,20/12/2021,
4,28/02/2023,E01127,92c14e88-8e3b-40ee-a872-de693a5adf17,06/02/2022,17/02/2023
4,28/02/2023,E01094,c442e840-f1fe-4be0-aa10-490dc63773c6,06/02/2022,
4,28/02/2023,E00363,127d7847-1008-4833-901a-22e31cd782d8,30/04/2022,
4,28/02/2023,E00642,0ad9de87-6668-402e-9a13-58bbf3be5ba7,26/06/2022,
4,28/02/2023,E01097,593acb49-018a-4e24-94d7-243bee496e4a,28/06/2022,
4,28/02/2023,E00757,2a3f3e05-50a2-430d-bec2-925abb7acf7a,13/06/2022,
4,28/02/2023,E00802,c4c31c44-1aa6-4d9c-8d93-4b907daa36bd,29/08/2022,
4,28/02/2023,E01122,d4cc6d38-b37b-4fb4-a677-f4baa3195d2f,11/09/2022,
4,28/02/2023,E00754,45f37973-a780-4e1d-beb4-e1277b8521cf,22/11/2022,
4,28/02/2023,E00306,5a590baa-d9a7-4ba1-8517-a3007cdb411e,05/11/2022,
4,28/02/2023,E00813,04b4db83-e98c-46d6-9862-3c69cd29b63e,11/11/2022,
4,28/02/2023,E00278,bce6944f-bc55-4b31-8bb7-9ef9eb8a0b12,10/12/2022,
4,28/02/2023,E01459,0f322a60-7ea0-49bc-a5fa-7e46ea8d165c,08/01/2023,
4,28/02/2023,E00045,84738036-ca7a-4377-956b-01306538db1d,30/01/2023,
4,28/02/2023,E01417,f48809af-a788-4839-b709-df404836e8d4,08/02/2023,
4,31/03/2023,E00673,2c573001-9899-41d9-a728-7d3a2a483c39,02/09/2019,
4,31/03/2023,E00868,d09e1650-fc70-48c3-b732-ed474f0d7373,29/01/2020,
4,31/03/2023,E00836,3384f9e4-0043-42ad-8088-5dda76e215eb,07/01/2021,
4,31/03/2023,E01408,f802c705-ed9a-4bef-9425-66c6b1d17323,28/06/2021,
4,31/03/2023,E00459,1459dbe1-ddaa-4f81-87c0-44d662c21413,14/07/2021,
4,31/03/2023,E01104,75ab809f-0da1-414e-8566-3a81c37ab0d4,19/07/2021,
4,31/03/2023,E00827,dccf30a3-3984-4310-a483-ce120b991192,28/10/2021,
6,31/03/2023,E00279,395efb4b-f5a9-4e68-9d2e-ec86bff05f98,06/02/2023,
4,31/03/2023,E01050,86289266-7d66-471f-a4e9-a408034fee3b,20/12/2021,
4,31/03/2023,E01094,c442e840-f1fe-4be0-aa10-490dc63773c6,06/02/2022,
4,31/03/2023,E00363,127d7847-1008-4833-901a-22e31cd782d8,30/04/2022,
4,31/03/2023,E00642,0ad9de87-6668-402e-9a13-58bbf3be5ba7,26/06/2022,
4,31/03/2023,E01097,593acb49-018a-4e24-94d7-243bee496e4a,28/06/2022,
4,31/03/2023,E00757,2a3f3e05-50a2-430d-bec2-925abb7acf7a,13/06/2022,
4,31/03/2023,E00802,c4c31c44-1aa6-4d9c-8d93-4b907daa36bd,29/08/2022,
4,31/03/2023,E01122,d4cc6d38-b37b-4fb4-a677-f4baa3195d2f,11/09/2022,
4,31/03/2023,E00754,45f37973-a780-4e1d-beb4-e1277b8521cf,22/11/2022,
4,31/03/2023,E00306,5a590baa-d9a7-4ba1-8517-a3007cdb411e,05/11/2022,
4,31/03/2023,E00813,04b4db83-e98c-46d6-9862-3c69cd29b63e,11/11/2022,
4,31/03/2023,E00278,bce6944f-bc55-4b31-8bb7-9ef9eb8a0b12,10/12/2022,
4,31/03/2023,E01459,0f322a60-7ea0-49bc-a5fa-7e46ea8d165c,08/01/2023,28/03/2023
4,31/03/2023,E00045,84738036-ca7a-4377-956b-01306538db1d,30/01/2023,
4,31/03/2023,E01417,f48809af-a788-4839-b709-df404836e8d4,08/02/2023,24/03/2023
4,30/04/2023,E00673,2c573001-9899-41d9-a728-7d3a2a483c39,02/09/2019,
4,30/04/2023,E00868,d09e1650-fc70-48c3-b732-ed474f0d7373,29/01/2020,
4,30/04/2023,E00836,3384f9e4-0043-42ad-8088-5dda76e215eb,07/01/2021,
4,30/04/2023,E01408,f802c705-ed9a-4bef-9425-66c6b1d17323,28/06/2021,18/04/2023
4,30/04/2023,E00459,1459dbe1-ddaa-4f81-87c0-44d662c21413,14/07/2021,
4,30/04/2023,E01104,75ab809f-0da1-414e-8566-3a81c37ab0d4,19/07/2021,
4,30/04/2023,E00827,dccf30a3-3984-4310-a483-ce120b991192,28/10/2021,
6,30/04/2023,E00279,395efb4b-f5a9-4e68-9d2e-ec86bff05f98,06/02/2023,
4,30/04/2023,E01050,86289266-7d66-471f-a4e9-a408034fee3b,20/12/2021,
4,30/04/2023,E01094,c442e840-f1fe-4be0-aa10-490dc63773c6,06/02/2022,
4,30/04/2023,E00363,127d7847-1008-4833-901a-22e31cd782d8,30/04/2022,
4,30/04/2023,E00642,0ad9de87-6668-402e-9a13-58bbf3be5ba7,26/06/2022,
4,30/04/2023,E01097,593acb49-018a-4e24-94d7-243bee496e4a,28/06/2022,
4,30/04/2023,E00757,2a3f3e05-50a2-430d-bec2-925abb7acf7a,13/06/2022,
4,30/04/2023,E00802,c4c31c44-1aa6-4d9c-8d93-4b907daa36bd,29/08/2022,
4,30/04/2023,E01122,d4cc6d38-b37b-4fb4-a677-f4baa3195d2f,11/09/2022,
4,30/04/2023,E00754,45f37973-a780-4e1d-beb4-e1277b8521cf,22/11/2022,
4,30/04/2023,E00306,5a590baa-d9a7-4ba1-8517-a3007cdb411e,05/11/2022,
4,30/04/2023,E00813,04b4db83-e98c-46d6-9862-3c69cd29b63e,11/11/2022,
4,30/04/2023,E00278,bce6944f-bc55-4b31-8bb7-9ef9eb8a0b12,10/12/2022,
4,30/04/2023,E00045,84738036-ca7a-4377-956b-01306538db1d,30/01/2023,
4,30/04/2023,E01430,b7541d1b-4813-4ae3-8770-75c5ca8caa0f,23/04/2023,
4,30/04/2023,E01259,aea677b0-793a-41c9-85c2-984b7aa0fae0,19/04/2023,
4,30/04/2023,E00068,39520f85-a502-4103-ba0c-90fea1adc171,29/04/2023,
4,30/04/2023,E00579,63df53c8-12ef-4c02-91d9-c8c68a66586e,24/04/2023,
4,30/04/2023,E00982,443f9618-8528-4c5a-9519-fbf7d201a400,03/04/2023,
4,30/04/2023,E00413,537a42b5-091c-4e64-a6eb-c0d98f001ffc,09/04/2023,
4,31/05/2023,E00673,2c573001-9899-41d9-a728-7d3a2a483c39,02/09/2019,
4,31/05/2023,E00868,d09e1650-fc70-48c3-b732-ed474f0d7373,29/01/2020,13/05/2023
4,31/05/2023,E00836,3384f9e4-0043-42ad-8088-5dda76e215eb,07/01/2021,
4,31/05/2023,E00459,1459dbe1-ddaa-4f81-87c0-44d662c21413,14/07/2021,
4,31/05/2023,E01104,75ab809f-0da1-414e-8566-3a81c37ab0d4,19/07/2021,
4,31/05/2023,E00827,dccf30a3-3984-4310-a483-ce120b991192,28/10/2021,
6,31/05/2023,E00279,395efb4b-f5a9-4e68-9d2e-ec86bff05f98,06/02/2023,
4,31/05/2023,E01050,86289266-7d66-471f-a4e9-a408034fee3b,20/12/2021,
4,31/05/2023,E01094,c442e840-f1fe-4be0-aa10-490dc63773c6,06/02/2022,
4,31/05/2023,E00363,127d7847-1008-4833-901a-22e31cd782d8,30/04/2022,
4,31/05/2023,E00642,0ad9de87-6668-402e-9a13-58bbf3be5ba7,26/06/2022,
4,31/05/2023,E01097,593acb49-018a-4e24-94d7-243bee496e4a,28/06/2022,
4,31/05/2023,E00757,2a3f3e05-50a2-430d-bec2-925abb7acf7a,13/06/2022,
4,31/05/2023,E00802,c4c31c44-1aa6-4d9c-8d93-4b907daa36bd,29/08/2022,
4,31/05/2023,E01122,d4cc6d38-b37b-4fb4-a677-f4baa3195d2f,11/09/2022,
4,31/05/2023,E00754,45f37973-a780-4e1d-beb4-e1277b8521cf,22/11/2022,
4,31/05/2023,E00306,5a590baa-d9a7-4ba1-8517-a3007cdb411e,05/11/2022,
4,31/05/2023,E00813,04b4db83-e98c-46d6-9862-3c69cd29b63e,11/11/2022,
4,31/05/2023,E00278,bce6944f-bc55-4b31-8bb7-9ef9eb8a0b12,10/12/2022,
4,31/05/2023,E00045,84738036-ca7a-4377-956b-01306538db1d,30/01/2023,
4,31/05/2023,E01430,b7541d1b-4813-4ae3-8770-75c5ca8caa0f,23/04/2023,
4,31/05/2023,E01259,aea677b0-793a-41c9-85c2-984b7aa0fae0,19/04/2023,
4,31/05/2023,E00068,39520f85-a502-4103-ba0c-90fea1adc171,29/04/2023,
4,31/05/2023,E00579,63df53c8-12ef-4c02-91d9-c8c68a66586e,24/04/2023,
4,31/05/2023,E00982,443f9618-8528-4c5a-9519-fbf7d201a400,03/04/2023,
4,31/05/2023,E00413,537a42b5-091c-4e64-a6eb-c0d98f001ffc,09/04/2023,
4,31/05/2023,E00638,47274769-5805-489f-86f9-fcf0c21de9ab,28/05/2023,
4,31/05/2023,E00380,cd6f28c1-2d44-4dd0-9557-b88f0ac97332,15/05/2023,
4,31/05/2023,E01013,268abb3d-e736-4415-98b1-c7dff6a080ec,01/05/2023,
4,31/05/2023,E01056,4cd4a6f9-ea7d-4793-9afd-56afed0070a2,11/05/2023,
4,30/06/2023,E00673,2c573001-9899-41d9-a728-7d3a2a483c39,02/09/2019,
4,30/06/2023,E00836,3384f9e4-0043-42ad-8088-5dda76e215eb,07/01/2021,
4,30/06/2023,E00459,1459dbe1-ddaa-4f81-87c0-44d662c21413,14/07/2021,
4,30/06/2023,E01104,75ab809f-0da1-414e-8566-3a81c37ab0d4,19/07/2021,
4,30/06/2023,E00827,dccf30a3-3984-4310-a483-ce120b991192,28/10/2021,
6,30/06/2023,E00279,395efb4b-f5a9-4e68-9d2e-ec86bff05f98,06/02/2023,
4,30/06/2023,E01050,86289266-7d66-471f-a4e9-a408034fee3b,20/12/2021,
4,30/06/2023,E01094,c442e840-f1fe-4be0-aa10-490dc63773c6,06/02/2022,
4,30/06/2023,E00363,127d7847-1008-4833-901a-22e31cd782d8,30/04/2022,
4,30/06/2023,E00642,0ad9de87-6668-402e-9a13-58bbf3be5ba7,26/06/2022,
4,30/06/2023,E01097,593acb49-018a-4e24-94d7-243bee496e4a,28/06/2022,
4,30/06/2023,E00757,2a3f3e05-50a2-430d-bec2-925abb7acf7a,13/06/2022,
4,30/06/2023,E00802,c4c31c44-1aa6-4d9c-8d93-4b907daa36bd,29/08/2022,
4,30/06/2023,E01122,d4cc6d38-b37b-4fb4-a677-f4baa3195d2f,11/09/2022,
4,30/06/2023,E00754,45f37973-a780-4e1d-beb4-e1277b8521cf,22/11/2022,
4,30/06/2023,E00306,5a590baa-d9a7-4ba1-8517-a3007cdb411e,05/11/2022,22/06/2023
4,30/06/2023,E00813,04b4db83-e98c-46d6-9862-3c69cd29b63e,11/11/2022,
4,30/06/2023,E00278,bce6944f-bc55-4b31-8bb7-9ef9eb8a0b12,10/12/2022,
4,30/06/2023,E00045,84738036-ca7a-4377-956b-01306538db1d,30/01/2023,
4,30/06/2023,E01430,b7541d1b-4813-4ae3-8770-75c5ca8caa0f,23/04/2023,
4,30/06/2023,E01259,aea677b0-793a-41c9-85c2-984b7aa0fae0,19/04/2023,
4,30/06/2023,E00068,39520f85-a502-4103-ba0c-90fea1adc171,29/04/2023,
4,30/06/2023,E00579,63df53c8-12ef-4c02-91d9-c8c68a66586e,24/04/2023,
4,30/06/2023,E00982,443f9618-8528-4c5a-9519-fbf7d201a400,03/04/2023,
4,30/06/2023,E00413,537a42b5-091c-4e64-a6eb-c0d98f001ffc,09/04/2023,
4,30/06/2023,E00638,47274769-5805-489f-86f9-fcf0c21de9ab,28/05/2023,
4,30/06/2023,E00380,cd6f28c1-2d44-4dd0-9557-b88f0ac97332,15/05/2023,
4,30/06/2023,E01013,268abb3d-e736-4415-98b1-c7dff6a080ec,01/05/2023,
4,30/06/2023,E01056,4cd4a6f9-ea7d-4793-9afd-56afed0070a2,11/05/2023,
4,30/06/2023,E00109,3dd4bd39-77b7-4f9f-9ad1-f36631e7978d,04/06/2023,
4,30/06/2023,E00959,3b95f5a8-bc76-49bc-8017-a9c12f4e44d4,22/06/2023,
4,30/06/2023,E00845,2e94cfc4-8d23-4981-ae94-2bab2a33293c,10/06/2023,
5,30/09/2019,E00739,d705ca65-0640-41d7-9d6c-11b47663f76a,24/09/2019,
5,30/09/2019,E00239,9dcb4ab3-f10d-4c0f-b1e6-b2ef46bd72c3,27/09/2019,
5,30/09/2019,E01055,dfd97846-6fd9-4fe0-abc5-62e5a228746a,11/09/2019,
5,30/09/2019,E00693,a7709ff6-6708-41aa-bd14-de259f8e381a,20/09/2019,
5,30/09/2019,E00936,09fef864-5eba-4410-bdff-6678212f8bf5,25/09/2019,
5,30/09/2019,E01411,4788776f-6c29-430f-a54b-99b43d7a8f8b,23/09/2019,
5,31/10/2019,E00739,d705ca65-0640-41d7-9d6c-11b47663f76a,24/09/2019,
5,31/10/2019,E00239,9dcb4ab3-f10d-4c0f-b1e6-b2ef46bd72c3,27/09/2019,
5,31/10/2019,E01055,dfd97846-6fd9-4fe0-abc5-62e5a228746a,11/09/2019,
5,31/10/2019,E00693,a7709ff6-6708-41aa-bd14-de259f8e381a,20/09/2019,
5,31/10/2019,E00936,09fef864-5eba-4410-bdff-6678212f8bf5,25/09/2019,
5,31/10/2019,E01411,4788776f-6c29-430f-a54b-99b43d7a8f8b,23/09/2019,
5,30/11/2019,E00739,d705ca65-0640-41d7-9d6c-11b47663f76a,24/09/2019,
5,30/11/2019,E00239,9dcb4ab3-f10d-4c0f-b1e6-b2ef46bd72c3,27/09/2019,
5,30/11/2019,E01055,dfd97846-6fd9-4fe0-abc5-62e5a228746a,11/09/2019,
5,30/11/2019,E00693,a7709ff6-6708-41aa-bd14-de259f8e381a,20/09/2019,
5,30/11/2019,E00936,09fef864-5eba-4410-bdff-6678212f8bf5,25/09/2019,
5,30/11/2019,E01411,4788776f-6c29-430f-a54b-99b43d7a8f8b,23/09/2019,
5,31/12/2019,E00739,d705ca65-0640-41d7-9d6c-11b47663f76a,24/09/2019,
5,31/12/2019,E00239,9dcb4ab3-f10d-4c0f-b1e6-b2ef46bd72c3,27/09/2019,
5,31/12/2019,E01055,dfd97846-6fd9-4fe0-abc5-62e5a228746a,11/09/2019,
5,31/12/2019,E00693,a7709ff6-6708-41aa-bd14-de259f8e381a,20/09/2019,
5,31/12/2019,E00936,09fef864-5eba-4410-bdff-6678212f8bf5,25/09/2019,
5,31/12/2019,E01411,4788776f-6c29-430f-a54b-99b43d7a8f8b,23/09/2019,
5,31/01/2020,E00739,d705ca65-0640-41d7-9d6c-11b47663f76a,24/09/2019,
5,31/01/2020,E00239,9dcb4ab3-f10d-4c0f-b1e6-b2ef46bd72c3,27/09/2019,
5,31/01/2020,E01055,dfd97846-6fd9-4fe0-abc5-62e5a228746a,11/09/2019,
5,31/01/2020,E00693,a7709ff6-6708-41aa-bd14-de259f8e381a,20/09/2019,21/01/2020
5,31/01/2020,E00936,09fef864-5eba-4410-bdff-6678212f8bf5,25/09/2019,
5,31/01/2020,E01411,4788776f-6c29-430f-a54b-99b43d7a8f8b,23/09/2019,
5,31/01/2020,E00055,8c431039-bb93-4bb1-82ec-6928ffaa0907,21/01/2020,
5,29/02/2020,E00739,d705ca65-0640-41d7-9d6c-11b47663f76a,24/09/2019,
5,29/02/2020,E00239,9dcb4ab3-f10d-4c0f-b1e6-b2ef46bd72c3,27/09/2019,
5,29/02/2020,E01055,dfd97846-6fd9-4fe0-abc5-62e5a228746a,11/09/2019,
5,29/02/2020,E00936,09fef864-5eba-4410-bdff-6678212f8bf5,25/09/2019,
5,29/02/2020,E01411,4788776f-6c29-430f-a54b-99b43d7a8f8b,23/09/2019,
5,29/02/2020,E00055,8c431039-bb93-4bb1-82ec-6928ffaa0907,21/01/2020,
5,31/03/2020,E00739,d705ca65-0640-41d7-9d6c-11b47663f76a,24/09/2019,
5,31/03/2020,E00239,9dcb4ab3-f10d-4c0f-b1e6-b2ef46bd72c3,27/09/2019,
5,31/03/2020,E01055,dfd97846-6fd9-4fe0-abc5-62e5a228746a,11/09/2019,
5,31/03/2020,E00936,09fef864-5eba-4410-bdff-6678212f8bf5,25/09/2019,
5,31/03/2020,E01411,4788776f-6c29-430f-a54b-99b43d7a8f8b,23/09/2019,
5,31/03/2020,E00055,8c431039-bb93-4bb1-82ec-6928ffaa0907,21/01/2020,
5,30/04/2020,E00739,d705ca65-0640-41d7-9d6c-11b47663f76a,24/09/2019,
5,30/04/2020,E00239,9dcb4ab3-f10d-4c0f-b1e6-b2ef46bd72c3,27/09/2019,
5,30/04/2020,E01055,dfd97846-6fd9-4fe0-abc5-62e5a228746a,11/09/2019,
5,30/04/2020,E00936,09fef864-5eba-4410-bdff-6678212f8bf5,25/09/2019,
5,30/04/2020,E01411,4788776f-6c29-430f-a54b-99b43d7a8f8b,23/09/2019,
5,30/04/2020,E00055,8c431039-bb93-4bb1-82ec-6928ffaa0907,21/01/2020,
5,31/05/2020,E00739,d705ca65-0640-41d7-9d6c-11b47663f76a,24/09/2019,
5,31/05/2020,E00239,9dcb4ab3-f10d-4c0f-b1e6-b2ef46bd72c3,27/09/2019,
5,31/05/2020,E01055,dfd97846-6fd9-4fe0-abc5-62e5a228746a,11/09/2019,
5,31/05/2020,E00936,09fef864-5eba-4410-bdff-6678212f8bf5,25/09/2019,
5,31/05/2020,E01411,4788776f-6c29-430f-a54b-99b43d7a8f8b,23/09/2019,
5,31/05/2020,E00055,8c431039-bb93-4bb1-82ec-6928ffaa0907,21/01/2020,
5,30/06/2020,E00739,d705ca65-0640-41d7-9d6c-11b47663f76a,24/09/2019,
5,30/06/2020,E00239,9dcb4ab3-f10d-4c0f-b1e6-b2ef46bd72c3,27/09/2019,
5,30/06/2020,E01055,dfd97846-6fd9-4fe0-abc5-62e5a228746a,11/09/2019,
5,30/06/2020,E00936,09fef864-5eba-4410-bdff-6678212f8bf5,25/09/2019,
5,30/06/2020,E01411,4788776f-6c29-430f-a54b-99b43d7a8f8b,23/09/2019,
5,30/06/2020,E00055,8c431039-bb93-4bb1-82ec-6928ffaa0907,21/01/2020,
5,31/07/2020,E00739,d705ca65-0640-41d7-9d6c-11b47663f76a,24/09/2019,22/07/2020
5,31/07/2020,E00239,9dcb4ab3-f10d-4c0f-b1e6-b2ef46bd72c3,27/09/2019,
5,31/07/2020,E01055,dfd97846-6fd9-4fe0-abc5-62e5a228746a,11/09/2019,
5,31/07/2020,E00936,09fef864-5eba-4410-bdff-6678212f8bf5,25/09/2019,
5,31/07/2020,E01411,4788776f-6c29-430f-a54b-99b43d7a8f8b,23/09/2019,
5,31/07/2020,E00055,8c431039-bb93-4bb1-82ec-6928ffaa0907,21/01/2020,
5,31/07/2020,E00643,61e1dd84-0d9e-4667-bb91-2589f3f73010,14/07/2020,
5,31/08/2020,E00239,9dcb4ab3-f10d-4c0f-b1e6-b2ef46bd72c3,27/09/2019,
5,31/08/2020,E01055,dfd97846-6fd9-4fe0-abc5-62e5a228746a,11/09/2019,
5,31/08/2020,E00936,09fef864-5eba-4410-bdff-6678212f8bf5,25/09/2019,
5,31/08/2020,E01411,4788776f-6c29-430f-a54b-99b43d7a8f8b,23/09/2019,
5,31/08/2020,E00055,8c431039-bb93-4bb1-82ec-6928ffaa0907,21/01/2020,
5,31/08/2020,E00643,61e1dd84-0d9e-4667-bb91-2589f3f73010,14/07/2020,
5,30/09/2020,E00239,9dcb4ab3-f10d-4c0f-b1e6-b2ef46bd72c3,27/09/2019,
5,30/09/2020,E01055,dfd97846-6fd9-4fe0-abc5-62e5a228746a,11/09/2019,
5,30/09/2020,E00936,09fef864-5eba-4410-bdff-6678212f8bf5,25/09/2019,
5,30/09/2020,E01411,4788776f-6c29-430f-a54b-99b43d7a8f8b,23/09/2019,
5,30/09/2020,E00055,8c431039-bb93-4bb1-82ec-6928ffaa0907,21/01/2020,
5,30/09/2020,E00643,61e1dd84-0d9e-4667-bb91-2589f3f73010,14/07/2020,
5,31/10/2020,E00239,9dcb4ab3-f10d-4c0f-b1e6-b2ef46bd72c3,27/09/2019,
5,31/10/2020,E01055,dfd97846-6fd9-4fe0-abc5-62e5a228746a,11/09/2019,
5,31/10/2020,E00936,09fef864-5eba-4410-bdff-6678212f8bf5,25/09/2019,
5,31/10/2020,E01411,4788776f-6c29-430f-a54b-99b43d7a8f8b,23/09/2019,
5,31/10/2020,E00055,8c431039-bb93-4bb1-82ec-6928ffaa0907,21/01/2020,
5,31/10/2020,E00643,61e1dd84-0d9e-4667-bb91-2589f3f73010,14/07/2020,
5,30/11/2020,E00239,9dcb4ab3-f10d-4c0f-b1e6-b2ef46bd72c3,27/09/2019,
5,30/11/2020,E01055,dfd97846-6fd9-4fe0-abc5-62e5a228746a,11/09/2019,23/11/2020
5,30/11/2020,E00936,09fef864-5eba-4410-bdff-6678212f8bf5,25/09/2019,
5,30/11/2020,E01411,4788776f-6c29-430f-a54b-99b43d7a8f8b,23/09/2019,
5,30/11/2020,E00055,8c431039-bb93-4bb1-82ec-6928ffaa0907,21/01/2020,
5,30/11/2020,E00643,61e1dd84-0d9e-4667-bb91-2589f3f73010,14/07/2020,
5,31/12/2020,E00239,9dcb4ab3-f10d-4c0f-b1e6-b2ef46bd72c3,27/09/2019,
1,31/12/2020,E01055,dfd97846-6fd9-4fe0-abc5-62e5a228746a,06/12/2020,29/12/2020
5,31/12/2020,E00936,09fef864-5eba-4410-bdff-6678212f8bf5,25/09/2019,
5,31/12/2020,E01411,4788776f-6c29-430f-a54b-99b43d7a8f8b,23/09/2019,
5,31/12/2020,E00055,8c431039-bb93-4bb1-82ec-6928ffaa0907,21/01/2020,
5,31/12/2020,E00643,61e1dd84-0d9e-4667-bb91-2589f3f73010,14/07/2020,
5,31/12/2020,E00043,774c9d3f-4911-4dbb-8574-10cf56777a6b,26/12/2020,
5,31/01/2021,E00239,9dcb4ab3-f10d-4c0f-b1e6-b2ef46bd72c3,27/09/2019,
5,31/01/2021,E00936,09fef864-5eba-4410-bdff-6678212f8bf5,25/09/2019,
5,31/01/2021,E01411,4788776f-6c29-430f-a54b-99b43d7a8f8b,23/09/2019,
5,31/01/2021,E00055,8c431039-bb93-4bb1-82ec-6928ffaa0907,21/01/2020,
5,31/01/2021,E00643,61e1dd84-0d9e-4667-bb91-2589f3f73010,14/07/2020,
5,31/01/2021,E00043,774c9d3f-4911-4dbb-8574-10cf56777a6b,26/12/2020,
5,28/02/2021,E00239,9dcb4ab3-f10d-4c0f-b1e6-b2ef46bd72c3,27/09/2019,
5,28/02/2021,E00936,09fef864-5eba-4410-bdff-6678212f8bf5,25/09/2019,
5,28/02/2021,E01411,4788776f-6c29-430f-a54b-99b43d7a8f8b,23/09/2019,
5,28/02/2021,E00055,8c431039-bb93-4bb1-82ec-6928ffaa0907,21/01/2020,
5,28/02/2021,E00643,61e1dd84-0d9e-4667-bb91-2589f3f73010,14/07/2020,
5,28/02/2021,E00043,774c9d3f-4911-4dbb-8574-10cf56777a6b,26/12/2020,
5,28/02/2021,E01343,7bdc64df-9705-409b-8f05-0e99e6baef1f,03/02/2021,
5,31/03/2021,E00239,9dcb4ab3-f10d-4c0f-b1e6-b2ef46bd72c3,27/09/2019,
5,31/03/2021,E00936,09fef864-5eba-4410-bdff-6678212f8bf5,25/09/2019,
5,31/03/2021,E01411,4788776f-6c29-430f-a54b-99b43d7a8f8b,23/09/2019,
5,31/03/2021,E00055,8c431039-bb93-4bb1-82ec-6928ffaa0907,21/01/2020,
5,31/03/2021,E00643,61e1dd84-0d9e-4667-bb91-2589f3f73010,14/07/2020,
5,31/03/2021,E00043,774c9d3f-4911-4dbb-8574-10cf56777a6b,26/12/2020,
5,31/03/2021,E01343,7bdc64df-9705-409b-8f05-0e99e6baef1f,03/02/2021,
5,30/04/2021,E00239,9dcb4ab3-f10d-4c0f-b1e6-b2ef46bd72c3,27/09/2019,
5,30/04/2021,E00936,09fef864-5eba-4410-bdff-6678212f8bf5,25/09/2019,
5,30/04/2021,E01411,4788776f-6c29-430f-a54b-99b43d7a8f8b,23/09/2019,15/04/2021
5,30/04/2021,E00055,8c431039-bb93-4bb1-82ec-6928ffaa0907,21/01/2020,
5,30/04/2021,E00643,61e1dd84-0d9e-4667-bb91-2589f3f73010,14/07/2020,
5,30/04/2021,E00043,774c9d3f-4911-4dbb-8574-10cf56777a6b,26/12/2020,
5,30/04/2021,E01343,7bdc64df-9705-409b-8f05-0e99e6baef1f,03/02/2021,
5,30/04/2021,E01081,38a23a40-0268-47f5-81e9-ca7e353e9e79,25/04/2021,
5,31/05/2021,E00239,9dcb4ab3-f10d-4c0f-b1e6-b2ef46bd72c3,27/09/2019,
5,31/05/2021,E00936,09fef864-5eba-4410-bdff-6678212f8bf5,25/09/2019,
5,31/05/2021,E00055,8c431039-bb93-4bb1-82ec-6928ffaa0907,21/01/2020,
5,31/05/2021,E00643,61e1dd84-0d9e-4667-bb91-2589f3f73010,14/07/2020,
5,31/05/2021,E00043,774c9d3f-4911-4dbb-8574-10cf56777a6b,26/12/2020,
5,31/05/2021,E01343,7bdc64df-9705-409b-8f05-0e99e6baef1f,03/02/2021,
5,31/05/2021,E01081,38a23a40-0268-47f5-81e9-ca7e353e9e79,25/04/2021,
5,31/05/2021,E00988,77adfe90-e06b-4594-b303-1a0338967c90,26/05/2021,
5,30/06/2021,E00239,9dcb4ab3-f10d-4c0f-b1e6-b2ef46bd72c3,27/09/2019,
5,30/06/2021,E00936,09fef864-5eba-4410-bdff-6678212f8bf5,25/09/2019,
5,30/06/2021,E00055,8c431039-bb93-4bb1-82ec-6928ffaa0907,21/01/2020,
5,30/06/2021,E00643,61e1dd84-0d9e-4667-bb91-2589f3f73010,14/07/2020,
5,30/06/2021,E00043,774c9d3f-4911-4dbb-8574-10cf56777a6b,26/12/2020,
5,30/06/2021,E01343,7bdc64df-9705-409b-8f05-0e99e6baef1f,03/02/2021,
5,30/06/2021,E01081,38a23a40-0268-47f5-81e9-ca7e353e9e79,25/04/2021,
5,30/06/2021,E00988,77adfe90-e06b-4594-b303-1a0338967c90,26/05/2021,
5,30/06/2021,E01087,a933aed1-dd77-4ef3-a65c-1d08ac10ea6b,05/06/2021,
5,31/07/2021,E00239,9dcb4ab3-f10d-4c0f-b1e6-b2ef46bd72c3,27/09/2019,
5,31/07/2021,E00936,09fef864-5eba-4410-bdff-6678212f8bf5,25/09/2019,
5,31/07/2021,E00055,8c431039-bb93-4bb1-82ec-6928ffaa0907,21/01/2020,
5,31/07/2021,E00643,61e1dd84-0d9e-4667-bb91-2589f3f73010,14/07/2020,
5,31/07/2021,E00043,774c9d3f-4911-4dbb-8574-10cf56777a6b,26/12/2020,
5,31/07/2021,E01343,7bdc64df-9705-409b-8f05-0e99e6baef1f,03/02/2021,
5,31/07/2021,E01081,38a23a40-0268-47f5-81e9-ca7e353e9e79,25/04/2021,
5,31/07/2021,E00988,77adfe90-e06b-4594-b303-1a0338967c90,26/05/2021,
5,31/07/2021,E01087,a933aed1-dd77-4ef3-a65c-1d08ac10ea6b,05/06/2021,
5,31/07/2021,E01174,7c215a11-c9e6-467c-893b-2d17f4c8eefd,31/07/2021,
5,31/08/2021,E00239,9dcb4ab3-f10d-4c0f-b1e6-b2ef46bd72c3,27/09/2019,
5,31/08/2021,E00936,09fef864-5eba-4410-bdff-6678212f8bf5,25/09/2019,
5,31/08/2021,E00055,8c431039-bb93-4bb1-82ec-6928ffaa0907,21/01/2020,
5,31/08/2021,E00643,61e1dd84-0d9e-4667-bb91-2589f3f73010,14/07/2020,
5,31/08/2021,E00043,774c9d3f-4911-4dbb-8574-10cf56777a6b,26/12/2020,
5,31/08/2021,E01343,7bdc64df-9705-409b-8f05-0e99e6baef1f,03/02/2021,
5,31/08/2021,E01081,38a23a40-0268-47f5-81e9-ca7e353e9e79,25/04/2021,13/08/2021
5,31/08/2021,E00988,77adfe90-e06b-4594-b303-1a0338967c90,26/05/2021,
5,31/08/2021,E01087,a933aed1-dd77-4ef3-a65c-1d08ac10ea6b,05/06/2021,
5,31/08/2021,E01174,7c215a11-c9e6-467c-893b-2d17f4c8eefd,31/07/2021,
5,31/08/2021,E01337,d7548a9f-abde-498f-8748-38fb922f20c5,22/08/2021,
5,30/09/2021,E00239,9dcb4ab3-f10d-4c0f-b1e6-b2ef46bd72c3,27/09/2019,
5,30/09/2021,E00936,09fef864-5eba-4410-bdff-6678212f8bf5,25/09/2019,
5,30/09/2021,E00055,8c431039-bb93-4bb1-82ec-6928ffaa0907,21/01/2020,
5,30/09/2021,E00643,61e1dd84-0d9e-4667-bb91-2589f3f73010,14/07/2020,
5,30/09/2021,E00043,774c9d3f-4911-4dbb-8574-10cf56777a6b,26/12/2020,
5,30/09/2021,E01343,7bdc64df-9705-409b-8f05-0e99e6baef1f,03/02/2021,
5,30/09/2021,E00988,77adfe90-e06b-4594-b303-1a0338967c90,26/05/2021,
5,30/09/2021,E01087,a933aed1-dd77-4ef3-a65c-1d08ac10ea6b,05/06/2021,
5,30/09/2021,E01174,7c215a11-c9e6-467c-893b-2d17f4c8eefd,31/07/2021,
5,30/09/2021,E01337,d7548a9f-abde-498f-8748-38fb922f20c5,22/08/2021,
5,31/10/2021,E00239,9dcb4ab3-f10d-4c0f-b1e6-b2ef46bd72c3,27/09/2019,
5,31/10/2021,E00936,09fef864-5eba-4410-bdff-6678212f8bf5,25/09/2019,
5,31/10/2021,E00055,8c431039-bb93-4bb1-82ec-6928ffaa0907,21/01/2020,
5,31/10/2021,E00643,61e1dd84-0d9e-4667-bb91-2589f3f73010,14/07/2020,
5,31/10/2021,E00043,774c9d3f-4911-4dbb-8574-10cf56777a6b,26/12/2020,
5,31/10/2021,E01343,7bdc64df-9705-409b-8f05-0e99e6baef1f,03/02/2021,
5,31/10/2021,E00988,77adfe90-e06b-4594-b303-1a0338967c90,26/05/2021,03/10/2021
5,31/10/2021,E01087,a933aed1-dd77-4ef3-a65c-1d08ac10ea6b,05/06/2021,
5,31/10/2021,E01174,7c215a11-c9e6-467c-893b-2d17f4c8eefd,31/07/2021,
5,31/10/2021,E01337,d7548a9f-abde-498f-8748-38fb922f20c5,22/08/2021,
5,31/10/2021,E01346,500ddaf3-3539-4d24-adeb-fee1539ecf9b,05/10/2021,
5,30/11/2021,E00239,9dcb4ab3-f10d-4c0f-b1e6-b2ef46bd72c3,27/09/2019,
5,30/11/2021,E00936,09fef864-5eba-4410-bdff-6678212f8bf5,25/09/2019,
5,30/11/2021,E00055,8c431039-bb93-4bb1-82ec-6928ffaa0907,21/01/2020,
5,30/11/2021,E00643,61e1dd84-0d9e-4667-bb91-2589f3f73010,14/07/2020,
5,30/11/2021,E00043,774c9d3f-4911-4dbb-8574-10cf56777a6b,26/12/2020,
5,30/11/2021,E01343,7bdc64df-9705-409b-8f05-0e99e6baef1f,03/02/2021,
5,30/11/2021,E01087,a933aed1-dd77-4ef3-a65c-1d08ac10ea6b,05/06/2021,
5,30/11/2021,E01174,7c215a11-c9e6-467c-893b-2d17f4c8eefd,31/07/2021,
5,30/11/2021,E01337,d7548a9f-abde-498f-8748-38fb922f20c5,22/08/2021,
5,30/11/2021,E01346,500ddaf3-3539-4d24-adeb-fee1539ecf9b,05/10/2021,
5,31/12/2021,E00239,9dcb4ab3-f10d-4c0f-b1e6-b2ef46bd72c3,27/09/2019,
5,31/12/2021,E00936,09fef864-5eba-4410-bdff-6678212f8bf5,25/09/2019,
5,31/12/2021,E00055,8c431039-bb93-4bb1-82ec-6928ffaa0907,21/01/2020,
5,31/12/2021,E00643,61e1dd84-0d9e-4667-bb91-2589f3f73010,14/07/2020,
5,31/12/2021,E00043,774c9d3f-4911-4dbb-8574-10cf56777a6b,26/12/2020,
5,31/12/2021,E01343,7bdc64df-9705-409b-8f05-0e99e6baef1f,03/02/2021,
5,31/12/2021,E01087,a933aed1-dd77-4ef3-a65c-1d08ac10ea6b,05/06/2021,
5,31/12/2021,E01174,7c215a11-c9e6-467c-893b-2d17f4c8eefd,31/07/2021,
5,31/12/2021,E01337,d7548a9f-abde-498f-8748-38fb922f20c5,22/08/2021,
5,31/12/2021,E01346,500ddaf3-3539-4d24-adeb-fee1539ecf9b,05/10/2021,
5,31/12/2021,E00124,65742c46-2f08-490f-9589-c99870facabb,06/12/2021,
5,31/01/2022,E00239,9dcb4ab3-f10d-4c0f-b1e6-b2ef46bd72c3,27/09/2019,
5,31/01/2022,E00936,09fef864-5eba-4410-bdff-6678212f8bf5,25/09/2019,
5,31/01/2022,E00055,8c431039-bb93-4bb1-82ec-6928ffaa0907,21/01/2020,
5,31/01/2022,E00643,61e1dd84-0d9e-4667-bb91-2589f3f73010,14/07/2020,
5,31/01/2022,E00043,774c9d3f-4911-4dbb-8574-10cf56777a6b,26/12/2020,
5,31/01/2022,E01343,7bdc64df-9705-409b-8f05-0e99e6baef1f,03/02/2021,
5,31/01/2022,E01087,a933aed1-dd77-4ef3-a65c-1d08ac10ea6b,05/06/2021,
5,31/01/2022,E01174,7c215a11-c9e6-467c-893b-2d17f4c8eefd,31/07/2021,
5,31/01/2022,E01337,d7548a9f-abde-498f-8748-38fb922f20c5,22/08/2021,10/01/2022
5,31/01/2022,E01346,500ddaf3-3539-4d24-adeb-fee1539ecf9b,05/10/2021,
5,31/01/2022,E00124,65742c46-2f08-490f-9589-c99870facabb,06/12/2021,
5,31/01/2022,E01380,2ab522c0-704e-4300-829b-f2c45a72c94d,27/01/2022,
5,28/02/2022,E00239,9dcb4ab3-f10d-4c0f-b1e6-b2ef46bd72c3,27/09/2019,
5,28/02/2022,E00936,09fef864-5eba-4410-bdff-6678212f8bf5,25/09/2019,
5,28/02/2022,E00055,8c431039-bb93-4bb1-82ec-6928ffaa0907,21/01/2020,
5,28/02/2022,E00643,61e1dd84-0d9e-4667-bb91-2589f3f73010,14/07/2020,
5,28/02/2022,E00043,774c9d3f-4911-4dbb-8574-10cf56777a6b,26/12/2020,
5,28/02/2022,E01343,7bdc64df-9705-409b-8f05-0e99e6baef1f,03/02/2021,
5,28/02/2022,E01087,a933aed1-dd77-4ef3-a65c-1d08ac10ea6b,05/06/2021,
5,28/02/2022,E01174,7c215a11-c9e6-467c-893b-2d17f4c8eefd,31/07/2021,
5,28/02/2022,E01346,500ddaf3-3539-4d24-adeb-fee1539ecf9b,05/10/2021,
5,28/02/2022,E00124,65742c46-2f08-490f-9589-c99870facabb,06/12/2021,
5,28/02/2022,E01380,2ab522c0-704e-4300-829b-f2c45a72c94d,27/01/2022,
5,28/02/2022,E01261,be04a14f-8613-451a-ab5d-a9cc15d33135,26/02/2022,
5,31/03/2022,E00239,9dcb4ab3-f10d-4c0f-b1e6-b2ef46bd72c3,27/09/2019,
5,31/03/2022,E00936,09fef864-5eba-4410-bdff-6678212f8bf5,25/09/2019,
5,31/03/2022,E00055,8c431039-bb93-4bb1-82ec-6928ffaa0907,21/01/2020,14/03/2022
5,31/03/2022,E00643,61e1dd84-0d9e-4667-bb91-2589f3f73010,14/07/2020,
5,31/03/2022,E00043,774c9d3f-4911-4dbb-8574-10cf56777a6b,26/12/2020,
5,31/03/2022,E01343,7bdc64df-9705-409b-8f05-0e99e6baef1f,03/02/2021,
5,31/03/2022,E01087,a933aed1-dd77-4ef3-a65c-1d08ac10ea6b,05/06/2021,
5,31/03/2022,E01174,7c215a11-c9e6-467c-893b-2d17f4c8eefd,31/07/2021,
5,31/03/2022,E01346,500ddaf3-3539-4d24-adeb-fee1539ecf9b,05/10/2021,
5,31/03/2022,E00124,65742c46-2f08-490f-9589-c99870facabb,06/12/2021,
5,31/03/2022,E01380,2ab522c0-704e-4300-829b-f2c45a72c94d,27/01/2022,
5,31/03/2022,E01261,be04a14f-8613-451a-ab5d-a9cc15d33135,26/02/2022,
5,30/04/2022,E00239,9dcb4ab3-f10d-4c0f-b1e6-b2ef46bd72c3,27/09/2019,27/04/2022
5,30/04/2022,E00936,09fef864-5eba-4410-bdff-6678212f8bf5,25/09/2019,
5,30/04/2022,E00643,61e1dd84-0d9e-4667-bb91-2589f3f73010,14/07/2020,
5,30/04/2022,E00043,774c9d3f-4911-4dbb-8574-10cf56777a6b,26/12/2020,
5,30/04/2022,E01343,7bdc64df-9705-409b-8f05-0e99e6baef1f,03/02/2021,
5,30/04/2022,E01087,a933aed1-dd77-4ef3-a65c-1d08ac10ea6b,05/06/2021,
5,30/04/2022,E01174,7c215a11-c9e6-467c-893b-2d17f4c8eefd,31/07/2021,
5,30/04/2022,E01346,500ddaf3-3539-4d24-adeb-fee1539ecf9b,05/10/2021,
5,30/04/2022,E00124,65742c46-2f08-490f-9589-c99870facabb,06/12/2021,
5,30/04/2022,E01380,2ab522c0-704e-4300-829b-f2c45a72c94d,27/01/2022,
5,30/04/2022,E01261,be04a14f-8613-451a-ab5d-a9cc15d33135,26/02/2022,
5,30/04/2022,E00129,eceeef11-422e-4521-aa18-765859e5fae3,24/04/2022,
5,30/04/2022,E00809,44881ee1-0a21-418e-a4fe-ba9b7780e0d9,01/04/2022,
5,31/05/2022,E00936,09fef864-5eba-4410-bdff-6678212f8bf5,25/09/2019,
5,31/05/2022,E00643,61e1dd84-0d9e-4667-bb91-2589f3f73010,14/07/2020,
5,31/05/2022,E00043,774c9d3f-4911-4dbb-8574-10cf56777a6b,26/12/2020,
5,31/05/2022,E01343,7bdc64df-9705-409b-8f05-0e99e6baef1f,03/02/2021,
5,31/05/2022,E01087,a933aed1-dd77-4ef3-a65c-1d08ac10ea6b,05/06/2021,
5,31/05/2022,E01174,7c215a11-c9e6-467c-893b-2d17f4c8eefd,31/07/2021,
5,31/05/2022,E01346,500ddaf3-3539-4d24-adeb-fee1539ecf9b,05/10/2021,
5,31/05/2022,E00124,65742c46-2f08-490f-9589-c99870facabb,06/12/2021,
5,31/05/2022,E01380,2ab522c0-704e-4300-829b-f2c45a72c94d,27/01/2022,
5,31/05/2022,E01261,be04a14f-8613-451a-ab5d-a9cc15d33135,26/02/2022,
5,31/05/2022,E00129,eceeef11-422e-4521-aa18-765859e5fae3,24/04/2022,
5,31/05/2022,E00809,44881ee1-0a21-418e-a4fe-ba9b7780e0d9,01/04/2022,
5,31/05/2022,E00590,1f360e68-84a9-4cb5-bdb5-b6062b9d0805,29/05/2022,
5,30/06/2022,E00936,09fef864-5eba-4410-bdff-6678212f8bf5,25/09/2019,
5,30/06/2022,E00643,61e1dd84-0d9e-4667-bb91-2589f3f73010,14/07/2020,
5,30/06/2022,E00043,774c9d3f-4911-4dbb-8574-10cf56777a6b,26/12/2020,24/06/2022
5,30/06/2022,E01343,7bdc64df-9705-409b-8f05-0e99e6baef1f,03/02/2021,
5,30/06/2022,E01087,a933aed1-dd77-4ef3-a65c-1d08ac10ea6b,05/06/2021,
5,30/06/2022,E01174,7c215a11-c9e6-467c-893b-2d17f4c8eefd,31/07/2021,
5,30/06/2022,E01346,500ddaf3-3539-4d24-adeb-fee1539ecf9b,05/10/2021,
5,30/06/2022,E00124,65742c46-2f08-490f-9589-c99870facabb,06/12/2021,
5,30/06/2022,E01380,2ab522c0-704e-4300-829b-f2c45a72c94d,27/01/2022,
5,30/06/2022,E01261,be04a14f-8613-451a-ab5d-a9cc15d33135,26/02/2022,
5,30/06/2022,E00129,eceeef11-422e-4521-aa18-765859e5fae3,24/04/2022,
5,30/06/2022,E00809,44881ee1-0a21-418e-a4fe-ba9b7780e0d9,01/04/2022,
5,30/06/2022,E00590,1f360e68-84a9-4cb5-bdb5-b6062b9d0805,29/05/2022,
5,30/06/2022,E00479,278f30b7-06f6-42a8-94ef-04fc22f286d5,08/06/2022,
5,30/06/2022,E00269,9cebf1cf-3f34-49c6-8942-23d61e36b385,01/06/2022,
5,30/06/2022,E01263,439f9eeb-042c-46f4-85ec-ab7292874e1a,07/06/2022,
5,31/07/2022,E00936,09fef864-5eba-4410-bdff-6678212f8bf5,25/09/2019,
5,31/07/2022,E00643,61e1dd84-0d9e-4667-bb91-2589f3f73010,14/07/2020,
5,31/07/2022,E01343,7bdc64df-9705-409b-8f05-0e99e6baef1f,03/02/2021,
5,31/07/2022,E01087,a933aed1-dd77-4ef3-a65c-1d08ac10ea6b,05/06/2021,
5,31/07/2022,E01174,7c215a11-c9e6-467c-893b-2d17f4c8eefd,31/07/2021,
5,31/07/2022,E01346,500ddaf3-3539-4d24-adeb-fee1539ecf9b,05/10/2021,
5,31/07/2022,E00124,65742c46-2f08-490f-9589-c99870facabb,06/12/2021,
5,31/07/2022,E01380,2ab522c0-704e-4300-829b-f2c45a72c94d,27/01/2022,
5,31/07/2022,E01261,be04a14f-8613-451a-ab5d-a9cc15d33135,26/02/2022,
5,31/07/2022,E00129,eceeef11-422e-4521-aa18-765859e5fae3,24/04/2022,
5,31/07/2022,E00809,44881ee1-0a21-418e-a4fe-ba9b7780e0d9,01/04/2022,
5,31/07/2022,E00590,1f360e68-84a9-4cb5-bdb5-b6062b9d0805,29/05/2022,
5,31/07/2022,E00479,278f30b7-06f6-42a8-94ef-04fc22f286d5,08/06/2022,
5,31/07/2022,E00269,9cebf1cf-3f34-49c6-8942-23d61e36b385,01/06/2022,
5,31/07/2022,E01263,439f9eeb-042c-46f4-85ec-ab7292874e1a,07/06/2022,
5,31/08/2022,E00936,09fef864-5eba-4410-bdff-6678212f8bf5,25/09/2019,
5,31/08/2022,E00643,61e1dd84-0d9e-4667-bb91-2589f3f73010,14/07/2020,
5,31/08/2022,E01343,7bdc64df-9705-409b-8f05-0e99e6baef1f,03/02/2021,
5,31/08/2022,E01087,a933aed1-dd77-4ef3-a65c-1d08ac10ea6b,05/06/2021,
5,31/08/2022,E01174,7c215a11-c9e6-467c-893b-2d17f4c8eefd,31/07/2021,
5,31/08/2022,E01346,500ddaf3-3539-4d24-adeb-fee1539ecf9b,05/10/2021,
5,31/08/2022,E00124,65742c46-2f08-490f-9589-c99870facabb,06/12/2021,
5,31/08/2022,E01380,2ab522c0-704e-4300-829b-f2c45a72c94d,27/01/2022,
5,31/08/2022,E01261,be04a14f-8613-451a-ab5d-a9cc15d33135,26/02/2022,
5,31/08/2022,E00129,eceeef11-422e-4521-aa18-765859e5fae3,24/04/2022,
5,31/08/2022,E00809,44881ee1-0a21-418e-a4fe-ba9b7780e0d9,01/04/2022,
5,31/08/2022,E00590,1f360e68-84a9-4cb5-bdb5-b6062b9d0805,29/05/2022,
5,31/08/2022,E00479,278f30b7-06f6-42a8-94ef-04fc22f286d5,08/06/2022,
5,31/08/2022,E00269,9cebf1cf-3f34-49c6-8942-23d61e36b385,01/06/2022,
5,31/08/2022,E01263,439f9eeb-042c-46f4-85ec-ab7292874e1a,07/06/2022,19/08/2022
5,31/08/2022,E01242,77328826-cdf0-40e2-b3a1-4793508d7453,01/08/2022,
5,31/08/2022,E01019,610e54cf-ea87-4900-81ce-d7c67db059a0,10/08/2022,
5,31/08/2022,E00205,87244bbd-f3e0-46f2-bd66-46276ead04b4,14/08/2022,
5,30/09/2022,E00936,09fef864-5eba-4410-bdff-6678212f8bf5,25/09/2019,
5,30/09/2022,E00643,61e1dd84-0d9e-4667-bb91-2589f3f73010,14/07/2020,
5,30/09/2022,E01343,7bdc64df-9705-409b-8f05-0e99e6baef1f,03/02/2021,
5,30/09/2022,E01087,a933aed1-dd77-4ef3-a65c-1d08ac10ea6b,05/06/2021,
5,30/09/2022,E01174,7c215a11-c9e6-467c-893b-2d17f4c8eefd,31/07/2021,
5,30/09/2022,E01346,500ddaf3-3539-4d24-adeb-fee1539ecf9b,05/10/2021,
5,30/09/2022,E00124,65742c46-2f08-490f-9589-c99870facabb,06/12/2021,
5,30/09/2022,E01380,2ab522c0-704e-4300-829b-f2c45a72c94d,27/01/2022,
5,30/09/2022,E01261,be04a14f-8613-451a-ab5d-a9cc15d33135,26/02/2022,
5,30/09/2022,E00129,eceeef11-422e-4521-aa18-765859e5fae3,24/04/2022,
5,30/09/2022,E00809,44881ee1-0a21-418e-a4fe-ba9b7780e0d9,01/04/2022,
5,30/09/2022,E00590,1f360e68-84a9-4cb5-bdb5-b6062b9d0805,29/05/2022,26/09/2022
5,30/09/2022,E00479,278f30b7-06f6-42a8-94ef-04fc22f286d5,08/06/2022,
5,30/09/2022,E00269,9cebf1cf-3f34-49c6-8942-23d61e36b385,01/06/2022,
5,30/09/2022,E01242,77328826-cdf0-40e2-b3a1-4793508d7453,01/08/2022,
5,30/09/2022,E01019,610e54cf-ea87-4900-81ce-d7c67db059a0,10/08/2022,
5,30/09/2022,E00205,87244bbd-f3e0-46f2-bd66-46276ead04b4,14/08/2022,
5,31/10/2022,E00936,09fef864-5eba-4410-bdff-6678212f8bf5,25/09/2019,
5,31/10/2022,E00643,61e1dd84-0d9e-4667-bb91-2589f3f73010,14/07/2020,
5,31/10/2022,E01343,7bdc64df-9705-409b-8f05-0e99e6baef1f,03/02/2021,
5,31/10/2022,E01087,a933aed1-dd77-4ef3-a65c-1d08ac10ea6b,05/06/2021,
5,31/10/2022,E01174,7c215a11-c9e6-467c-893b-2d17f4c8eefd,31/07/2021,
5,31/10/2022,E01346,500ddaf3-3539-4d24-adeb-fee1539ecf9b,05/10/2021,
5,31/10/2022,E00124,65742c46-2f08-490f-9589-c99870facabb,06/12/2021,
5,31/10/2022,E01380,2ab522c0-704e-4300-829b-f2c45a72c94d,27/01/2022,
5,31/10/2022,E01261,be04a14f-8613-451a-ab5d-a9cc15d33135,26/02/2022,
5,31/10/2022,E00129,eceeef11-422e-4521-aa18-765859e5fae3,24/04/2022,
5,31/10/2022,E00809,44881ee1-0a21-418e-a4fe-ba9b7780e0d9,01/04/2022,
5,31/10/2022,E00479,278f30b7-06f6-42a8-94ef-04fc22f286d5,08/06/2022,
5,31/10/2022,E00269,9cebf1cf-3f34-49c6-8942-23d61e36b385,01/06/2022,
5,31/10/2022,E01242,77328826-cdf0-40e2-b3a1-4793508d7453,01/08/2022,
5,31/10/2022,E01019,610e54cf-ea87-4900-81ce-d7c67db059a0,10/08/2022,
5,31/10/2022,E00205,87244bbd-f3e0-46f2-bd66-46276ead04b4,14/08/2022,29/10/2022
5,31/10/2022,E00744,aceda730-453d-4b8a-961d-9472ffa67940,10/10/2022,
5,31/10/2022,E00847,e4e042e2-a382-400c-b06a-6ddb25d103b6,28/10/2022,
5,31/10/2022,E01085,49e141f2-af1f-43da-96f3-e69de8ec9458,14/10/2022,
5,30/11/2022,E00936,09fef864-5eba-4410-bdff-6678212f8bf5,25/09/2019,
5,30/11/2022,E00643,61e1dd84-0d9e-4667-bb91-2589f3f73010,14/07/2020,25/11/2022
5,30/11/2022,E01343,7bdc64df-9705-409b-8f05-0e99e6baef1f,03/02/2021,
5,30/11/2022,E01087,a933aed1-dd77-4ef3-a65c-1d08ac10ea6b,05/06/2021,
5,30/11/2022,E01174,7c215a11-c9e6-467c-893b-2d17f4c8eefd,31/07/2021,
5,30/11/2022,E01346,500ddaf3-3539-4d24-adeb-fee1539ecf9b,05/10/2021,
5,30/11/2022,E00124,65742c46-2f08-490f-9589-c99870facabb,06/12/2021,
5,30/11/2022,E01380,2ab522c0-704e-4300-829b-f2c45a72c94d,27/01/2022,
5,30/11/2022,E01261,be04a14f-8613-451a-ab5d-a9cc15d33135,26/02/2022,
5,30/11/2022,E00129,eceeef11-422e-4521-aa18-765859e5fae3,24/04/2022,
5,30/11/2022,E00809,44881ee1-0a21-418e-a4fe-ba9b7780e0d9,01/04/2022,
5,30/11/2022,E00479,278f30b7-06f6-42a8-94ef-04fc22f286d5,08/06/2022,
5,30/11/2022,E00269,9cebf1cf-3f34-49c6-8942-23d61e36b385,01/06/2022,
5,30/11/2022,E01242,77328826-cdf0-40e2-b3a1-4793508d7453,01/08/2022,
5,30/11/2022,E01019,610e54cf-ea87-4900-81ce-d7c67db059a0,10/08/2022,
5,30/11/2022,E00744,aceda730-453d-4b8a-961d-9472ffa67940,10/10/2022,
5,30/11/2022,E00847,e4e042e2-a382-400c-b06a-6ddb25d103b6,28/10/2022,
5,30/11/2022,E01085,49e141f2-af1f-43da-96f3-e69de8ec9458,14/10/2022,
5,30/11/2022,E00477,3e0fd109-b063-419b-b95e-bcffe8075f28,21/11/2022,
5,30/11/2022,E00121,04d0b84a-3491-4f55-8bec-1deb1a9d96a1,24/11/2022,
5,31/12/2022,E00936,09fef864-5eba-4410-bdff-6678212f8bf5,25/09/2019,
5,31/12/2022,E01343,7bdc64df-9705-409b-8f05-0e99e6baef1f,03/02/2021,
5,31/12/2022,E01087,a933aed1-dd77-4ef3-a65c-1d08ac10ea6b,05/06/2021,
5,31/12/2022,E01174,7c215a11-c9e6-467c-893b-2d17f4c8eefd,31/07/2021,06/12/2022
5,31/12/2022,E01346,500ddaf3-3539-4d24-adeb-fee1539ecf9b,05/10/2021,
5,31/12/2022,E00124,65742c46-2f08-490f-9589-c99870facabb,06/12/2021,
5,31/12/2022,E01380,2ab522c0-704e-4300-829b-f2c45a72c94d,27/01/2022,
5,31/12/2022,E01261,be04a14f-8613-451a-ab5d-a9cc15d33135,26/02/2022,
5,31/12/2022,E00129,eceeef11-422e-4521-aa18-765859e5fae3,24/04/2022,07/12/2022
5,31/12/2022,E00809,44881ee1-0a21-418e-a4fe-ba9b7780e0d9,01/04/2022,
5,31/12/2022,E00479,278f30b7-06f6-42a8-94ef-04fc22f286d5,08/06/2022,
5,31/12/2022,E00269,9cebf1cf-3f34-49c6-8942-23d61e36b385,01/06/2022,
5,31/12/2022,E01242,77328826-cdf0-40e2-b3a1-4793508d7453,01/08/2022,
5,31/12/2022,E01019,610e54cf-ea87-4900-81ce-d7c67db059a0,10/08/2022,
5,31/12/2022,E00744,aceda730-453d-4b8a-961d-9472ffa67940,10/10/2022,
5,31/12/2022,E00847,e4e042e2-a382-400c-b06a-6ddb25d103b6,28/10/2022,
5,31/12/2022,E01085,49e141f2-af1f-43da-96f3-e69de8ec9458,14/10/2022,
5,31/12/2022,E00477,3e0fd109-b063-419b-b95e-bcffe8075f28,21/11/2022,
5,31/12/2022,E00121,04d0b84a-3491-4f55-8bec-1deb1a9d96a1,24/11/2022,
5,31/01/2023,E00936,09fef864-5eba-4410-bdff-6678212f8bf5,25/09/2019,
5,31/01/2023,E01343,7bdc64df-9705-409b-8f05-0e99e6baef1f,03/02/2021,
5,31/01/2023,E01087,a933aed1-dd77-4ef3-a65c-1d08ac10ea6b,05/06/2021,
5,31/01/2023,E01346,500ddaf3-3539-4d24-adeb-fee1539ecf9b,05/10/2021,30/01/2023
5,31/01/2023,E00124,65742c46-2f08-490f-9589-c99870facabb,06/12/2021,
5,31/01/2023,E01380,2ab522c0-704e-4300-829b-f2c45a72c94d,27/01/2022,
5,31/01/2023,E01261,be04a14f-8613-451a-ab5d-a9cc15d33135,26/02/2022,
5,31/01/2023,E00809,44881ee1-0a21-418e-a4fe-ba9b7780e0d9,01/04/2022,
5,31/01/2023,E00479,278f30b7-06f6-42a8-94ef-04fc22f286d5,08/06/2022,
5,31/01/2023,E00269,9cebf1cf-3f34-49c6-8942-23d61e36b385,01/06/2022,
5,31/01/2023,E01242,77328826-cdf0-40e2-b3a1-4793508d7453,01/08/2022,
5,31/01/2023,E01019,610e54cf-ea87-4900-81ce-d7c67db059a0,10/08/2022,
5,31/01/2023,E00744,aceda730-453d-4b8a-961d-9472ffa67940,10/10/2022,
5,31/01/2023,E00847,e4e042e2-a382-400c-b06a-6ddb25d103b6,28/10/2022,
5,31/01/2023,E01085,49e141f2-af1f-43da-96f3-e69de8ec9458,14/10/2022,
5,31/01/2023,E00477,3e0fd109-b063-419b-b95e-bcffe8075f28,21/11/2022,
5,31/01/2023,E00121,04d0b84a-3491-4f55-8bec-1deb1a9d96a1,24/11/2022,
5,31/01/2023,E01342,b93c00dd-c9b2-46cb-bd0c-6b4f727fc7b3,14/01/2023,
5,31/01/2023,E00656,91dd46b4-facf-4b84-8985-3562050622f4,15/01/2023,
5,28/02/2023,E00936,09fef864-5eba-4410-bdff-6678212f8bf5,25/09/2019,
5,28/02/2023,E01343,7bdc64df-9705-409b-8f05-0e99e6baef1f,03/02/2021,
5,28/02/2023,E01087,a933aed1-dd77-4ef3-a65c-1d08ac10ea6b,05/06/2021,
5,28/02/2023,E00124,65742c46-2f08-490f-9589-c99870facabb,06/12/2021,
5,28/02/2023,E01380,2ab522c0-704e-4300-829b-f2c45a72c94d,27/01/2022,
5,28/02/2023,E01261,be04a14f-8613-451a-ab5d-a9cc15d33135,26/02/2022,
5,28/02/2023,E00809,44881ee1-0a21-418e-a4fe-ba9b7780e0d9,01/04/2022,
5,28/02/2023,E00479,278f30b7-06f6-42a8-94ef-04fc22f286d5,08/06/2022,
5,28/02/2023,E00269,9cebf1cf-3f34-49c6-8942-23d61e36b385,01/06/2022,
5,28/02/2023,E01242,77328826-cdf0-40e2-b3a1-4793508d7453,01/08/2022,
5,28/02/2023,E01019,610e54cf-ea87-4900-81ce-d7c67db059a0,10/08/2022,
5,28/02/2023,E00744,aceda730-453d-4b8a-961d-9472ffa67940,10/10/2022,
5,28/02/2023,E00847,e4e042e2-a382-400c-b06a-6ddb25d103b6,28/10/2022,
5,28/02/2023,E01085,49e141f2-af1f-43da-96f3-e69de8ec9458,14/10/2022,
5,28/02/2023,E00477,3e0fd109-b063-419b-b95e-bcffe8075f28,21/11/2022,
5,28/02/2023,E00121,04d0b84a-3491-4f55-8bec-1deb1a9d96a1,24/11/2022,
5,28/02/2023,E01342,b93c00dd-c9b2-46cb-bd0c-6b4f727fc7b3,14/01/2023,
5,28/02/2023,E00656,91dd46b4-facf-4b84-8985-3562050622f4,15/01/2023,
5,28/02/2023,E01420,0ffbe7ac-580f-4c36-803b-1abd7e18d736,11/02/2023,
5,28/02/2023,E00377,4aa11613-0178-435b-9fa6-6a6b16ccff41,16/02/2023,
5,28/02/2023,E00176,19848125-5de5-410d-816c-73f9cbd5e4cd,24/02/2023,
5,31/03/2023,E00936,09fef864-5eba-4410-bdff-6678212f8bf5,25/09/2019,
5,31/03/2023,E01343,7bdc64df-9705-409b-8f05-0e99e6baef1f,03/02/2021,
5,31/03/2023,E01087,a933aed1-dd77-4ef3-a65c-1d08ac10ea6b,05/06/2021,
5,31/03/2023,E00124,65742c46-2f08-490f-9589-c99870facabb,06/12/2021,11/03/2023
5,31/03/2023,E01380,2ab522c0-704e-4300-829b-f2c45a72c94d,27/01/2022,
5,31/03/2023,E01261,be04a14f-8613-451a-ab5d-a9cc15d33135,26/02/2022,
5,31/03/2023,E00809,44881ee1-0a21-418e-a4fe-ba9b7780e0d9,01/04/2022,
5,31/03/2023,E00479,278f30b7-06f6-42a8-94ef-04fc22f286d5,08/06/2022,
5,31/03/2023,E00269,9cebf1cf-3f34-49c6-8942-23d61e36b385,01/06/2022,
5,31/03/2023,E01242,77328826-cdf0-40e2-b3a1-4793508d7453,01/08/2022,
5,31/03/2023,E01019,610e54cf-ea87-4900-81ce-d7c67db059a0,10/08/2022,
5,31/03/2023,E00744,aceda730-453d-4b8a-961d-9472ffa67940,10/10/2022,
5,31/03/2023,E00847,e4e042e2-a382-400c-b06a-6ddb25d103b6,28/10/2022,
5,31/03/2023,E01085,49e141f2-af1f-43da-96f3-e69de8ec9458,14/10/2022,
5,31/03/2023,E00477,3e0fd109-b063-419b-b95e-bcffe8075f28,21/11/2022,
5,31/03/2023,E00121,04d0b84a-3491-4f55-8bec-1deb1a9d96a1,24/11/2022,
5,31/03/2023,E01342,b93c00dd-c9b2-46cb-bd0c-6b4f727fc7b3,14/01/2023,
5,31/03/2023,E00656,91dd46b4-facf-4b84-8985-3562050622f4,15/01/2023,
5,31/03/2023,E01420,0ffbe7ac-580f-4c36-803b-1abd7e18d736,11/02/2023,
5,31/03/2023,E00377,4aa11613-0178-435b-9fa6-6a6b16ccff41,16/02/2023,
5,31/03/2023,E00176,19848125-5de5-410d-816c-73f9cbd5e4cd,24/02/2023,
5,31/03/2023,E01298,04ed144a-a9eb-4f61-ba06-4716aff6c962,12/03/2023,
5,31/03/2023,E00598,9ee15135-bbe3-41b1-aa71-eca8e062ff1f,17/03/2023,
5,31/03/2023,E00009,3af26094-7a1a-4bd9-ad56-a158670fb732,17/03/2023,
5,31/03/2023,E01302,bc71fa3a-04e9-40a3-8a1a-20a63300a47d,14/03/2023,
5,31/03/2023,E01151,ac493e2b-56fd-4180-a301-88ad7676a42e,31/03/2023,
5,30/04/2023,E00936,09fef864-5eba-4410-bdff-6678212f8bf5,25/09/2019,
5,30/04/2023,E01343,7bdc64df-9705-409b-8f05-0e99e6baef1f,03/02/2021,
5,30/04/2023,E01087,a933aed1-dd77-4ef3-a65c-1d08ac10ea6b,05/06/2021,
5,30/04/2023,E01380,2ab522c0-704e-4300-829b-f2c45a72c94d,27/01/2022,
5,30/04/2023,E01261,be04a14f-8613-451a-ab5d-a9cc15d33135,26/02/2022,
5,30/04/2023,E00809,44881ee1-0a21-418e-a4fe-ba9b7780e0d9,01/04/2022,
5,30/04/2023,E00479,278f30b7-06f6-42a8-94ef-04fc22f286d5,08/06/2022,27/04/2023
5,30/04/2023,E00269,9cebf1cf-3f34-49c6-8942-23d61e36b385,01/06/2022,
5,30/04/2023,E01242,77328826-cdf0-40e2-b3a1-4793508d7453,01/08/2022,
5,30/04/2023,E01019,610e54cf-ea87-4900-81ce-d7c67db059a0,10/08/2022,
5,30/04/2023,E00744,aceda730-453d-4b8a-961d-9472ffa67940,10/10/2022,
5,30/04/2023,E00847,e4e042e2-a382-400c-b06a-6ddb25d103b6,28/10/2022,
5,30/04/2023,E01085,49e141f2-af1f-43da-96f3-e69de8ec9458,14/10/2022,
5,30/04/2023,E00477,3e0fd109-b063-419b-b95e-bcffe8075f28,21/11/2022,
5,30/04/2023,E00121,04d0b84a-3491-4f55-8bec-1deb1a9d96a1,24/11/2022,
5,30/04/2023,E01342,b93c00dd-c9b2-46cb-bd0c-6b4f727fc7b3,14/01/2023,
5,30/04/2023,E00656,91dd46b4-facf-4b84-8985-3562050622f4,15/01/2023,
5,30/04/2023,E01420,0ffbe7ac-580f-4c36-803b-1abd7e18d736,11/02/2023,
5,30/04/2023,E00377,4aa11613-0178-435b-9fa6-6a6b16ccff41,16/02/2023,
5,30/04/2023,E00176,19848125-5de5-410d-816c-73f9cbd5e4cd,24/02/2023,
5,30/04/2023,E01298,04ed144a-a9eb-4f61-ba06-4716aff6c962,12/03/2023,
5,30/04/2023,E00598,9ee15135-bbe3-41b1-aa71-eca8e062ff1f,17/03/2023,
5,30/04/2023,E00009,3af26094-7a1a-4bd9-ad56-a158670fb732,17/03/2023,
5,30/04/2023,E01302,bc71fa3a-04e9-40a3-8a1a-20a63300a47d,14/03/2023,
5,30/04/2023,E01151,ac493e2b-56fd-4180-a301-88ad7676a42e,31/03/2023,
5,31/05/2023,E00936,09fef864-5eba-4410-bdff-6678212f8bf5,25/09/2019,
5,31/05/2023,E01343,7bdc64df-9705-409b-8f05-0e99e6baef1f,03/02/2021,
5,31/05/2023,E01087,a933aed1-dd77-4ef3-a65c-1d08ac10ea6b,05/06/2021,
5,31/05/2023,E01380,2ab522c0-704e-4300-829b-f2c45a72c94d,27/01/2022,
5,31/05/2023,E01261,be04a14f-8613-451a-ab5d-a9cc15d33135,26/02/2022,
5,31/05/2023,E00809,44881ee1-0a21-418e-a4fe-ba9b7780e0d9,01/04/2022,
5,31/05/2023,E00269,9cebf1cf-3f34-49c6-8942-23d61e36b385,01/06/2022,
5,31/05/2023,E01242,77328826-cdf0-40e2-b3a1-4793508d7453,01/08/2022,
5,31/05/2023,E01019,610e54cf-ea87-4900-81ce-d7c67db059a0,10/08/2022,
5,31/05/2023,E00744,aceda730-453d-4b8a-961d-9472ffa67940,10/10/2022,
5,31/05/2023,E00847,e4e042e2-a382-400c-b06a-6ddb25d103b6,28/10/2022,
5,31/05/2023,E01085,49e141f2-af1f-43da-96f3-e69de8ec9458,14/10/2022,
5,31/05/2023,E00477,3e0fd109-b063-419b-b95e-bcffe8075f28,21/11/2022,
5,31/05/2023,E00121,04d0b84a-3491-4f55-8bec-1deb1a9d96a1,24/11/2022,
5,31/05/2023,E01342,b93c00dd-c9b2-46cb-bd0c-6b4f727fc7b3,14/01/2023,
5,31/05/2023,E00656,91dd46b4-facf-4b84-8985-3562050622f4,15/01/2023,09/05/2023
5,31/05/2023,E01420,0ffbe7ac-580f-4c36-803b-1abd7e18d736,11/02/2023,
5,31/05/2023,E00377,4aa11613-0178-435b-9fa6-6a6b16ccff41,16/02/2023,
5,31/05/2023,E00176,19848125-5de5-410d-816c-73f9cbd5e4cd,24/02/2023,
5,31/05/2023,E01298,04ed144a-a9eb-4f61-ba06-4716aff6c962,12/03/2023,
5,31/05/2023,E00598,9ee15135-bbe3-41b1-aa71-eca8e062ff1f,17/03/2023,
5,31/05/2023,E00009,3af26094-7a1a-4bd9-ad56-a158670fb732,17/03/2023,
5,31/05/2023,E01302,bc71fa3a-04e9-40a3-8a1a-20a63300a47d,14/03/2023,
5,31/05/2023,E01151,ac493e2b-56fd-4180-a301-88ad7676a42e,31/03/2023,
5,31/05/2023,E00935,9fcea076-df13-4d89-8580-159178702248,01/05/2023,
5,31/05/2023,E00610,116adf44-4d86-4fb7-b596-9e2d50c51e6c,24/05/2023,
5,31/05/2023,E01310,9c2a2596-51db-444c-9f68-73f4a7b5d966,04/05/2023,
5,30/06/2023,E00936,09fef864-5eba-4410-bdff-6678212f8bf5,25/09/2019,
5,30/06/2023,E01343,7bdc64df-9705-409b-8f05-0e99e6baef1f,03/02/2021,
5,30/06/2023,E01087,a933aed1-dd77-4ef3-a65c-1d08ac10ea6b,05/06/2021,
5,30/06/2023,E01380,2ab522c0-704e-4300-829b-f2c45a72c94d,27/01/2022,
5,30/06/2023,E01261,be04a14f-8613-451a-ab5d-a9cc15d33135,26/02/2022,
5,30/06/2023,E00809,44881ee1-0a21-418e-a4fe-ba9b7780e0d9,01/04/2022,
5,30/06/2023,E00269,9cebf1cf-3f34-49c6-8942-23d61e36b385,01/06/2022,
5,30/06/2023,E01242,77328826-cdf0-40e2-b3a1-4793508d7453,01/08/2022,
5,30/06/2023,E01019,610e54cf-ea87-4900-81ce-d7c67db059a0,10/08/2022,
5,30/06/2023,E00744,aceda730-453d-4b8a-961d-9472ffa67940,10/10/2022,
5,30/06/2023,E00847,e4e042e2-a382-400c-b06a-6ddb25d103b6,28/10/2022,
5,30/06/2023,E01085,49e141f2-af1f-43da-96f3-e69de8ec9458,14/10/2022,
5,30/06/2023,E00477,3e0fd109-b063-419b-b95e-bcffe8075f28,21/11/2022,
5,30/06/2023,E00121,04d0b84a-3491-4f55-8bec-1deb1a9d96a1,24/11/2022,
5,30/06/2023,E01342,b93c00dd-c9b2-46cb-bd0c-6b4f727fc7b3,14/01/2023,
5,30/06/2023,E01420,0ffbe7ac-580f-4c36-803b-1abd7e18d736,11/02/2023,
5,30/06/2023,E00377,4aa11613-0178-435b-9fa6-6a6b16ccff41,16/02/2023,
5,30/06/2023,E00176,19848125-5de5-410d-816c-73f9cbd5e4cd,24/02/2023,
5,30/06/2023,E01298,04ed144a-a9eb-4f61-ba06-4716aff6c962,12/03/2023,
5,30/06/2023,E00598,9ee15135-bbe3-41b1-aa71-eca8e062ff1f,17/03/2023,
5,30/06/2023,E00009,3af26094-7a1a-4bd9-ad56-a158670fb732,17/03/2023,
5,30/06/2023,E01302,bc71fa3a-04e9-40a3-8a1a-20a63300a47d,14/03/2023,
5,30/06/2023,E01151,ac493e2b-56fd-4180-a301-88ad7676a42e,31/03/2023,21/06/2023
5,30/06/2023,E00935,9fcea076-df13-4d89-8580-159178702248,01/05/2023,
5,30/06/2023,E00610,116adf44-4d86-4fb7-b596-9e2d50c51e6c,24/05/2023,
5,30/06/2023,E01310,9c2a2596-51db-444c-9f68-73f4a7b5d966,04/05/2023,
6,30/11/2019,E01156,9be5678c-ef83-448f-88bf-8cd37023948d,25/11/2019,
6,30/11/2019,E01484,751faa49-8b4a-4832-83d3-8e347fba3080,18/11/2019,
6,30/11/2019,E00872,dfb75e30-e218-4919-a93e-396d60f3d97e,19/11/2019,
6,30/11/2019,E01178,946d8218-3083-4bae-acc8-d33f78d41a08,09/11/2019,
6,30/11/2019,E00734,5b6db5b2-1797-4e1a-b70e-e8a1e4fe00aa,23/11/2019,
6,30/11/2019,E01423,7b649d2d-b337-4e56-a948-b9fa147a2bff,14/11/2019,
6,30/11/2019,E00798,4f8843d2-00a2-4e18-a97c-69ca6b88b526,10/11/2019,
6,30/11/2019,E01458,fc4b039d-69b6-4e6d-9e7b-047be57f683a,04/11/2019,
6,30/11/2019,E00976,24fad9ef-efb4-4623-b8e4-c3ad110ad868,30/11/2019,
6,30/11/2019,E01254,69966b99-10b4-4868-8603-356291502c3a,04/11/2019,
6,30/11/2019,E00179,82249319-c367-4c44-969c-42ac5f07e4cd,05/11/2019,
6,30/11/2019,E00711,b6f3af8d-f408-481b-a194-f1397ccee628,27/11/2019,
6,30/11/2019,E01233,2e6a80f3-4653-4a2a-a995-81abcad9f79e,02/11/2019,
6,30/11/2019,E00507,e485c85a-2687-429c-a866-7e2ab7aab739,25/11/2019,
6,30/11/2019,E01502,5d5d1656-6b3b-485e-98f4-ab9d67dbfdbe,20/11/2019,
6,30/11/2019,E00428,18ddba52-b1a4-46c0-ade2-119e387cc9bc,04/11/2019,
6,30/11/2019,E00701,8231679e-12b3-423c-b945-c786bce272d1,19/11/2019,
6,30/11/2019,E00429,7d7a6d66-e0f5-4ca5-9e14-1cf373434a7a,22/11/2019,
6,30/11/2019,E00615,d5fab14f-618d-4971-9e2e-b042080e0bc2,14/11/2019,
6,31/12/2019,E01156,9be5678c-ef83-448f-88bf-8cd37023948d,25/11/2019,01/12/2019
6,31/12/2019,E01484,751faa49-8b4a-4832-83d3-8e347fba3080,18/11/2019,
6,31/12/2019,E00872,dfb75e30-e218-4919-a93e-396d60f3d97e,19/11/2019,
6,31/12/2019,E01178,946d8218-3083-4bae-acc8-d33f78d41a08,09/11/2019,
6,31/12/2019,E00734,5b6db5b2-1797-4e1a-b70e-e8a1e4fe00aa,23/11/2019,
6,31/12/2019,E01423,7b649d2d-b337-4e56-a948-b9fa147a2bff,14/11/2019,
6,31/12/2019,E00798,4f8843d2-00a2-4e18-a97c-69ca6b88b526,10/11/2019,
6,31/12/2019,E01458,fc4b039d-69b6-4e6d-9e7b-047be57f683a,04/11/2019,
6,31/12/2019,E00976,24fad9ef-efb4-4623-b8e4-c3ad110ad868,30/11/2019,
6,31/12/2019,E01254,69966b99-10b4-4868-8603-356291502c3a,04/11/2019,
6,31/12/2019,E00179,82249319-c367-4c44-969c-42ac5f07e4cd,05/11/2019,
6,31/12/2019,E00711,b6f3af8d-f408-481b-a194-f1397ccee628,27/11/2019,
6,31/12/2019,E01233,2e6a80f3-4653-4a2a-a995-81abcad9f79e,02/11/2019,
6,31/12/2019,E00507,e485c85a-2687-429c-a866-7e2ab7aab739,25/11/2019,
6,31/12/2019,E01502,5d5d1656-6b3b-485e-98f4-ab9d67dbfdbe,20/11/2019,
6,31/12/2019,E00428,18ddba52-b1a4-46c0-ade2-119e387cc9bc,04/11/2019,
6,31/12/2019,E00701,8231679e-12b3-423c-b945-c786bce272d1,19/11/2019,
6,31/12/2019,E00429,7d7a6d66-e0f5-4ca5-9e14-1cf373434a7a,22/11/2019,18/12/2019
6,31/12/2019,E00615,d5fab14f-618d-4971-9e2e-b042080e0bc2,14/11/2019,
6,31/01/2020,E01484,751faa49-8b4a-4832-83d3-8e347fba3080,18/11/2019,
6,31/01/2020,E00872,dfb75e30-e218-4919-a93e-396d60f3d97e,19/11/2019,
6,31/01/2020,E01178,946d8218-3083-4bae-acc8-d33f78d41a08,09/11/2019,
6,31/01/2020,E00734,5b6db5b2-1797-4e1a-b70e-e8a1e4fe00aa,23/11/2019,
6,31/01/2020,E01423,7b649d2d-b337-4e56-a948-b9fa147a2bff,14/11/2019,
6,31/01/2020,E00798,4f8843d2-00a2-4e18-a97c-69ca6b88b526,10/11/2019,07/01/2020
6,31/01/2020,E01458,fc4b039d-69b6-4e6d-9e7b-047be57f683a,04/11/2019,
6,31/01/2020,E00976,24fad9ef-efb4-4623-b8e4-c3ad110ad868,30/11/2019,
6,31/01/2020,E01254,69966b99-10b4-4868-8603-356291502c3a,04/11/2019,
6,31/01/2020,E00179,82249319-c367-4c44-969c-42ac5f07e4cd,05/11/2019,
6,31/01/2020,E00711,b6f3af8d-f408-481b-a194-f1397ccee628,27/11/2019,
6,31/01/2020,E01233,2e6a80f3-4653-4a2a-a995-81abcad9f79e,02/11/2019,
6,31/01/2020,E00507,e485c85a-2687-429c-a866-7e2ab7aab739,25/11/2019,
6,31/01/2020,E01502,5d5d1656-6b3b-485e-98f4-ab9d67dbfdbe,20/11/2019,
6,31/01/2020,E00428,18ddba52-b1a4-46c0-ade2-119e387cc9bc,04/11/2019,
6,31/01/2020,E00701,8231679e-12b3-423c-b945-c786bce272d1,19/11/2019,
6,31/01/2020,E00615,d5fab14f-618d-4971-9e2e-b042080e0bc2,14/11/2019,
6,31/01/2020,E00248,a0cf745b-b76a-4d59-835b-6daae740a4a2,14/01/2020,
6,31/01/2020,E01098,37e5bf10-1fe8-4624-85e5-806bf2275f08,26/01/2020,
6,31/01/2020,E00558,47ef24e1-67b3-4e61-8ee5-d1ee8b57f61b,13/01/2020,
6,31/01/2020,E00498,ba4a2902-d042-4cd4-9da2-7e2582cfebf8,26/01/2020,
6,29/02/2020,E01484,751faa49-8b4a-4832-83d3-8e347fba3080,18/11/2019,
6,29/02/2020,E00872,dfb75e30-e218-4919-a93e-396d60f3d97e,19/11/2019,
6,29/02/2020,E01178,946d8218-3083-4bae-acc8-d33f78d41a08,09/11/2019,
6,29/02/2020,E00734,5b6db5b2-1797-4e1a-b70e-e8a1e4fe00aa,23/11/2019,
6,29/02/2020,E01423,7b649d2d-b337-4e56-a948-b9fa147a2bff,14/11/2019,
6,29/02/2020,E01458,fc4b039d-69b6-4e6d-9e7b-047be57f683a,04/11/2019,
6,29/02/2020,E00976,24fad9ef-efb4-4623-b8e4-c3ad110ad868,30/11/2019,
6,29/02/2020,E01254,69966b99-10b4-4868-8603-356291502c3a,04/11/2019,05/02/2020
6,29/02/2020,E00179,82249319-c367-4c44-969c-42ac5f07e4cd,05/11/2019,
6,29/02/2020,E00711,b6f3af8d-f408-481b-a194-f1397ccee628,27/11/2019,
6,29/02/2020,E01233,2e6a80f3-4653-4a2a-a995-81abcad9f79e,02/11/2019,
6,29/02/2020,E00507,e485c85a-2687-429c-a866-7e2ab7aab739,25/11/2019,27/02/2020
6,29/02/2020,E01502,5d5d1656-6b3b-485e-98f4-ab9d67dbfdbe,20/11/2019,
6,29/02/2020,E00428,18ddba52-b1a4-46c0-ade2-119e387cc9bc,04/11/2019,
6,29/02/2020,E00701,8231679e-12b3-423c-b945-c786bce272d1,19/11/2019,29/02/2020
6,29/02/2020,E00615,d5fab14f-618d-4971-9e2e-b042080e0bc2,14/11/2019,
6,29/02/2020,E00248,a0cf745b-b76a-4d59-835b-6daae740a4a2,14/01/2020,
6,29/02/2020,E01098,37e5bf10-1fe8-4624-85e5-806bf2275f08,26/01/2020,
6,29/02/2020,E00558,47ef24e1-67b3-4e61-8ee5-d1ee8b57f61b,13/01/2020,
6,29/02/2020,E00498,ba4a2902-d042-4cd4-9da2-7e2582cfebf8,26/01/2020,28/02/2020
6,31/03/2020,E01484,751faa49-8b4a-4832-83d3-8e347fba3080,18/11/2019,
6,31/03/2020,E00872,dfb75e30-e218-4919-a93e-396d60f3d97e,19/11/2019,
6,31/03/2020,E01178,946d8218-3083-4bae-acc8-d33f78d41a08,09/11/2019,
6,31/03/2020,E00734,5b6db5b2-1797-4e1a-b70e-e8a1e4fe00aa,23/11/2019,
6,31/03/2020,E01423,7b649d2d-b337-4e56-a948-b9fa147a2bff,14/11/2019,
6,31/03/2020,E01458,fc4b039d-69b6-4e6d-9e7b-047be57f683a,04/11/2019,
6,31/03/2020,E00976,24fad9ef-efb4-4623-b8e4-c3ad110ad868,30/11/2019,
6,31/03/2020,E00179,82249319-c367-4c44-969c-42ac5f07e4cd,05/11/2019,
6,31/03/2020,E00711,b6f3af8d-f408-481b-a194-f1397ccee628,27/11/2019,
6,31/03/2020,E01233,2e6a80f3-4653-4a2a-a995-81abcad9f79e,02/11/2019,
6,31/03/2020,E01502,5d5d1656-6b3b-485e-98f4-ab9d67dbfdbe,20/11/2019,
6,31/03/2020,E00428,18ddba52-b1a4-46c0-ade2-119e387cc9bc,04/11/2019,
2,31/03/2020,E00701,8231679e-12b3-423c-b945-c786bce272d1,05/03/2020,
6,31/03/2020,E00615,d5fab14f-618d-4971-9e2e-b042080e0bc2,14/11/2019,14/03/2020
6,31/03/2020,E00248,a0cf745b-b76a-4d59-835b-6daae740a4a2,14/01/2020,
6,31/03/2020,E01098,37e5bf10-1fe8-4624-85e5-806bf2275f08,26/01/2020,
6,31/03/2020,E00558,47ef24e1-67b3-4e61-8ee5-d1ee8b57f61b,13/01/2020,
4,31/03/2020,E00498,ba4a2902-d042-4cd4-9da2-7e2582cfebf8,01/03/2020,
6,31/03/2020,E00665,2a823f4a-0694-40cf-a9a5-7cd37b41272d,04/03/2020,
6,31/03/2020,E01294,49b4953b-84b3-431e-a86d-fc8638f7c471,31/03/2020,
6,31/03/2020,E00858,a84531d4-721e-453d-b4b3-53abfa965a36,28/03/2020,
6,30/04/2020,E01484,751faa49-8b4a-4832-83d3-8e347fba3080,18/11/2019,
6,30/04/2020,E00872,dfb75e30-e218-4919-a93e-396d60f3d97e,19/11/2019,
6,30/04/2020,E01178,946d8218-3083-4bae-acc8-d33f78d41a08,09/11/2019,
6,30/04/2020,E00734,5b6db5b2-1797-4e1a-b70e-e8a1e4fe00aa,23/11/2019,
6,30/04/2020,E01423,7b649d2d-b337-4e56-a948-b9fa147a2bff,14/11/2019,
6,30/04/2020,E01458,fc4b039d-69b6-4e6d-9e7b-047be57f683a,04/11/2019,
6,30/04/2020,E00976,24fad9ef-efb4-4623-b8e4-c3ad110ad868,30/11/2019,
6,30/04/2020,E00179,82249319-c367-4c44-969c-42ac5f07e4cd,05/11/2019,
6,30/04/2020,E00711,b6f3af8d-f408-481b-a194-f1397ccee628,27/11/2019,
6,30/04/2020,E01233,2e6a80f3-4653-4a2a-a995-81abcad9f79e,02/11/2019,
6,30/04/2020,E01502,5d5d1656-6b3b-485e-98f4-ab9d67dbfdbe,20/11/2019,
6,30/04/2020,E00428,18ddba52-b1a4-46c0-ade2-119e387cc9bc,04/11/2019,
2,30/04/2020,E00701,8231679e-12b3-423c-b945-c786bce272d1,05/03/2020,
6,30/04/2020,E00248,a0cf745b-b76a-4d59-835b-6daae740a4a2,14/01/2020,
6,30/04/2020,E01098,37e5bf10-1fe8-4624-85e5-806bf2275f08,26/01/2020,
6,30/04/2020,E00558,47ef24e1-67b3-4e61-8ee5-d1ee8b57f61b,13/01/2020,
4,30/04/2020,E00498,ba4a2902-d042-4cd4-9da2-7e2582cfebf8,01/03/2020,
6,30/04/2020,E00665,2a823f4a-0694-40cf-a9a5-7cd37b41272d,04/03/2020,
6,30/04/2020,E01294,49b4953b-84b3-431e-a86d-fc8638f7c471,31/03/2020,15/04/2020
6,30/04/2020,E00858,a84531d4-721e-453d-b4b3-53abfa965a36,28/03/2020,
6,30/04/2020,E00421,00b86119-1753-45c3-a4a0-740739451afc,29/04/2020,
6,30/04/2020,E01043,ea005c4d-3315-402e-b5b3-2adb6200bbe5,22/04/2020,
6,30/04/2020,E00260,e4fc80cb-de3f-4f3f-8283-bba91fdb919e,23/04/2020,
6,31/05/2020,E01484,751faa49-8b4a-4832-83d3-8e347fba3080,18/11/2019,
6,31/05/2020,E00872,dfb75e30-e218-4919-a93e-396d60f3d97e,19/11/2019,
6,31/05/2020,E01178,946d8218-3083-4bae-acc8-d33f78d41a08,09/11/2019,
6,31/05/2020,E00734,5b6db5b2-1797-4e1a-b70e-e8a1e4fe00aa,23/11/2019,
6,31/05/2020,E01423,7b649d2d-b337-4e56-a948-b9fa147a2bff,14/11/2019,
6,31/05/2020,E01458,fc4b039d-69b6-4e6d-9e7b-047be57f683a,04/11/2019,
6,31/05/2020,E00976,24fad9ef-efb4-4623-b8e4-c3ad110ad868,30/11/2019,
6,31/05/2020,E00179,82249319-c367-4c44-969c-42ac5f07e4cd,05/11/2019,26/05/2020
6,31/05/2020,E00711,b6f3af8d-f408-481b-a194-f1397ccee628,27/11/2019,
6,31/05/2020,E01233,2e6a80f3-4653-4a2a-a995-81abcad9f79e,02/11/2019,
6,31/05/2020,E01502,5d5d1656-6b3b-485e-98f4-ab9d67dbfdbe,20/11/2019,
6,31/05/2020,E00428,18ddba52-b1a4-46c0-ade2-119e387cc9bc,04/11/2019,
2,31/05/2020,E00701,8231679e-12b3-423c-b945-c786bce272d1,05/03/2020,
6,31/05/2020,E00248,a0cf745b-b76a-4d59-835b-6daae740a4a2,14/01/2020,
6,31/05/2020,E01098,37e5bf10-1fe8-4624-85e5-806bf2275f08,26/01/2020,
6,31/05/2020,E00558,47ef24e1-67b3-4e61-8ee5-d1ee8b57f61b,13/01/2020,
4,31/05/2020,E00498,ba4a2902-d042-4cd4-9da2-7e2582cfebf8,01/03/2020,
6,31/05/2020,E00665,2a823f4a-0694-40cf-a9a5-7cd37b41272d,04/03/2020,
6,31/05/2020,E00858,a84531d4-721e-453d-b4b3-53abfa965a36,28/03/2020,
6,31/05/2020,E00421,00b86119-1753-45c3-a4a0-740739451afc,29/04/2020,18/05/2020
6,31/05/2020,E01043,ea005c4d-3315-402e-b5b3-2adb6200bbe5,22/04/2020,
6,31/05/2020,E00260,e4fc80cb-de3f-4f3f-8283-bba91fdb919e,23/04/2020,
6,31/05/2020,E01389,3d32fca2-0292-42c2-a711-ce242e2a4cdc,09/05/2020,
6,30/06/2020,E01484,751faa49-8b4a-4832-83d3-8e347fba3080,18/11/2019,
6,30/06/2020,E00872,dfb75e30-e218-4919-a93e-396d60f3d97e,19/11/2019,
6,30/06/2020,E01178,946d8218-3083-4bae-acc8-d33f78d41a08,09/11/2019,
6,30/06/2020,E00734,5b6db5b2-1797-4e1a-b70e-e8a1e4fe00aa,23/11/2019,
6,30/06/2020,E01423,7b649d2d-b337-4e56-a948-b9fa147a2bff,14/11/2019,
6,30/06/2020,E01458,fc4b039d-69b6-4e6d-9e7b-047be57f683a,04/11/2019,
6,30/06/2020,E00976,24fad9ef-efb4-4623-b8e4-c3ad110ad868,30/11/2019,
6,30/06/2020,E00711,b6f3af8d-f408-481b-a194-f1397ccee628,27/11/2019,
6,30/06/2020,E01233,2e6a80f3-4653-4a2a-a995-81abcad9f79e,02/11/2019,
6,30/06/2020,E01502,5d5d1656-6b3b-485e-98f4-ab9d67dbfdbe,20/11/2019,
6,30/06/2020,E00428,18ddba52-b1a4-46c0-ade2-119e387cc9bc,04/11/2019,27/06/2020
2,30/06/2020,E00701,8231679e-12b3-423c-b945-c786bce272d1,05/03/2020,
6,30/06/2020,E00248,a0cf745b-b76a-4d59-835b-6daae740a4a2,14/01/2020,
6,30/06/2020,E01098,37e5bf10-1fe8-4624-85e5-806bf2275f08,26/01/2020,
6,30/06/2020,E00558,47ef24e1-67b3-4e61-8ee5-d1ee8b57f61b,13/01/2020,
4,30/06/2020,E00498,ba4a2902-d042-4cd4-9da2-7e2582cfebf8,01/03/2020,
6,30/06/2020,E00665,2a823f4a-0694-40cf-a9a5-7cd37b41272d,04/03/2020,
6,30/06/2020,E00858,a84531d4-721e-453d-b4b3-53abfa965a36,28/03/2020,
6,30/06/2020,E01043,ea005c4d-3315-402e-b5b3-2adb6200bbe5,22/04/2020,
6,30/06/2020,E00260,e4fc80cb-de3f-4f3f-8283-bba91fdb919e,23/04/2020,
6,30/06/2020,E01389,3d32fca2-0292-42c2-a711-ce242e2a4cdc,09/05/2020,
6,30/06/2020,E00629,b1a9cdc6-c40e-4c42-ba64-d99e4b25eff4,29/06/2020,
6,31/07/2020,E01484,751faa49-8b4a-4832-83d3-8e347fba3080,18/11/2019,
6,31/07/2020,E00872,dfb75e30-e218-4919-a93e-396d60f3d97e,19/11/2019,
6,31/07/2020,E01178,946d8218-3083-4bae-acc8-d33f78d41a08,09/11/2019,
6,31/07/2020,E00734,5b6db5b2-1797-4e1a-b70e-e8a1e4fe00aa,23/11/2019,
6,31/07/2020,E01423,7b649d2d-b337-4e56-a948-b9fa147a2bff,14/11/2019,
6,31/07/2020,E01458,fc4b039d-69b6-4e6d-9e7b-047be57f683a,04/11/2019,
6,31/07/2020,E00976,24fad9ef-efb4-4623-b8e4-c3ad110ad868,30/11/2019,14/07/2020
6,31/07/2020,E00711,b6f3af8d-f408-481b-a194-f1397ccee628,27/11/2019,
6,31/07/2020,E01233,2e6a80f3-4653-4a2a-a995-81abcad9f79e,02/11/2019,
6,31/07/2020,E01502,5d5d1656-6b3b-485e-98f4-ab9d67dbfdbe,20/11/2019,
2,31/07/2020,E00701,8231679e-12b3-423c-b945-c786bce272d1,05/03/2020,
6,31/07/2020,E00248,a0cf745b-b76a-4d59-835b-6daae740a4a2,14/01/2020,
6,31/07/2020,E01098,37e5bf10-1fe8-4624-85e5-806bf2275f08,26/01/2020,
6,31/07/2020,E00558,47ef24e1-67b3-4e61-8ee5-d1ee8b57f61b,13/01/2020,
4,31/07/2020,E00498,ba4a2902-d042-4cd4-9da2-7e2582cfebf8,01/03/2020,
6,31/07/2020,E00665,2a823f4a-0694-40cf-a9a5-7cd37b41272d,04/03/2020,
6,31/07/2020,E00858,a84531d4-721e-453d-b4b3-53abfa965a36,28/03/2020,
6,31/07/2020,E01043,ea005c4d-3315-402e-b5b3-2adb6200bbe5,22/04/2020,
6,31/07/2020,E00260,e4fc80cb-de3f-4f3f-8283-bba91fdb919e,23/04/2020,
6,31/07/2020,E01389,3d32fca2-0292-42c2-a711-ce242e2a4cdc,09/05/2020,
6,31/07/2020,E00629,b1a9cdc6-c40e-4c42-ba64-d99e4b25eff4,29/06/2020,
6,31/08/2020,E01484,751faa49-8b4a-4832-83d3-8e347fba3080,18/11/2019,
6,31/08/2020,E00872,dfb75e30-e218-4919-a93e-396d60f3d97e,19/11/2019,
6,31/08/2020,E01178,946d8218-3083-4bae-acc8-d33f78d41a08,09/11/2019,
6,31/08/2020,E00734,5b6db5b2-1797-4e1a-b70e-e8a1e4fe00aa,23/11/2019,03/08/2020
6,31/08/2020,E01423,7b649d2d-b337-4e56-a948-b9fa147a2bff,14/11/2019,
6,31/08/2020,E01458,fc4b039d-69b6-4e6d-9e7b-047be57f683a,04/11/2019,
6,31/08/2020,E00711,b6f3af8d-f408-481b-a194-f1397ccee628,27/11/2019,
6,31/08/2020,E01233,2e6a80f3-4653-4a2a-a995-81abcad9f79e,02/11/2019,
6,31/08/2020,E01502,5d5d1656-6b3b-485e-98f4-ab9d67dbfdbe,20/11/2019,
2,31/08/2020,E00701,8231679e-12b3-423c-b945-c786bce272d1,05/03/2020,08/08/2020
6,31/08/2020,E00248,a0cf745b-b76a-4d59-835b-6daae740a4a2,14/01/2020,10/08/2020
6,31/08/2020,E01098,37e5bf10-1fe8-4624-85e5-806bf2275f08,26/01/2020,
6,31/08/2020,E00558,47ef24e1-67b3-4e61-8ee5-d1ee8b57f61b,13/01/2020,
4,31/08/2020,E00498,ba4a2902-d042-4cd4-9da2-7e2582cfebf8,01/03/2020,
6,31/08/2020,E00665,2a823f4a-0694-40cf-a9a5-7cd37b41272d,04/03/2020,
6,31/08/2020,E00858,a84531d4-721e-453d-b4b3-53abfa965a36,28/03/2020,
6,31/08/2020,E01043,ea005c4d-3315-402e-b5b3-2adb6200bbe5,22/04/2020,
6,31/08/2020,E00260,e4fc80cb-de3f-4f3f-8283-bba91fdb919e,23/04/2020,
6,31/08/2020,E01389,3d32fca2-0292-42c2-a711-ce242e2a4cdc,09/05/2020,
6,31/08/2020,E00629,b1a9cdc6-c40e-4c42-ba64-d99e4b25eff4,29/06/2020,
6,30/09/2020,E01484,751faa49-8b4a-4832-83d3-8e347fba3080,18/11/2019,
6,30/09/2020,E00872,dfb75e30-e218-4919-a93e-396d60f3d97e,19/11/2019,
6,30/09/2020,E01178,946d8218-3083-4bae-acc8-d33f78d41a08,09/11/2019,24/09/2020
6,30/09/2020,E01423,7b649d2d-b337-4e56-a948-b9fa147a2bff,14/11/2019,
6,30/09/2020,E01458,fc4b039d-69b6-4e6d-9e7b-047be57f683a,04/11/2019,
6,30/09/2020,E00711,b6f3af8d-f408-481b-a194-f1397ccee628,27/11/2019,
6,30/09/2020,E01233,2e6a80f3-4653-4a2a-a995-81abcad9f79e,02/11/2019,
6,30/09/2020,E01502,5d5d1656-6b3b-485e-98f4-ab9d67dbfdbe,20/11/2019,
6,30/09/2020,E01098,37e5bf10-1fe8-4624-85e5-806bf2275f08,26/01/2020,
6,30/09/2020,E00558,47ef24e1-67b3-4e61-8ee5-d1ee8b57f61b,13/01/2020,
4,30/09/2020,E00498,ba4a2902-d042-4cd4-9da2-7e2582cfebf8,01/03/2020,
6,30/09/2020,E00665,2a823f4a-0694-40cf-a9a5-7cd37b41272d,04/03/2020,
6,30/09/2020,E00858,a84531d4-721e-453d-b4b3-53abfa965a36,28/03/2020,
6,30/09/2020,E01043,ea005c4d-3315-402e-b5b3-2adb6200bbe5,22/04/2020,
6,30/09/2020,E00260,e4fc80cb-de3f-4f3f-8283-bba91fdb919e,23/04/2020,
6,30/09/2020,E01389,3d32fca2-0292-42c2-a711-ce242e2a4cdc,09/05/2020,
6,30/09/2020,E00629,b1a9cdc6-c40e-4c42-ba64-d99e4b25eff4,29/06/2020,
6,30/09/2020,E00071,f8cbda5b-81ed-40ac-919f-43b57115ade6,03/09/2020,
6,30/09/2020,E00770,4641cd8a-3ccf-4343-89b6-d9f7a2162679,06/09/2020,
6,31/10/2020,E01484,751faa49-8b4a-4832-83d3-8e347fba3080,18/11/2019,
6,31/10/2020,E00872,dfb75e30-e218-4919-a93e-396d60f3d97e,19/11/2019,
6,31/10/2020,E01423,7b649d2d-b337-4e56-a948-b9fa147a2bff,14/11/2019,
6,31/10/2020,E01458,fc4b039d-69b6-4e6d-9e7b-047be57f683a,04/11/2019,
6,31/10/2020,E00711,b6f3af8d-f408-481b-a194-f1397ccee628,27/11/2019,
6,31/10/2020,E01233,2e6a80f3-4653-4a2a-a995-81abcad9f79e,02/11/2019,
6,31/10/2020,E01502,5d5d1656-6b3b-485e-98f4-ab9d67dbfdbe,20/11/2019,31/10/2020
6,31/10/2020,E01098,37e5bf10-1fe8-4624-85e5-806bf2275f08,26/01/2020,
6,31/10/2020,E00558,47ef24e1-67b3-4e61-8ee5-d1ee8b57f61b,13/01/2020,
4,31/10/2020,E00498,ba4a2902-d042-4cd4-9da2-7e2582cfebf8,01/03/2020,
6,31/10/2020,E00665,2a823f4a-0694-40cf-a9a5-7cd37b41272d,04/03/2020,17/10/2020
6,31/10/2020,E00858,a84531d4-721e-453d-b4b3-53abfa965a36,28/03/2020,
6,31/10/2020,E01043,ea005c4d-3315-402e-b5b3-2adb6200bbe5,22/04/2020,
6,31/10/2020,E00260,e4fc80cb-de3f-4f3f-8283-bba91fdb919e,23/04/2020,
6,31/10/2020,E01389,3d32fca2-0292-42c2-a711-ce242e2a4cdc,09/05/2020,
6,31/10/2020,E00629,b1a9cdc6-c40e-4c42-ba64-d99e4b25eff4,29/06/2020,
6,31/10/2020,E00071,f8cbda5b-81ed-40ac-919f-43b57115ade6,03/09/2020,
6,31/10/2020,E00770,4641cd8a-3ccf-4343-89b6-d9f7a2162679,06/09/2020,
6,31/10/2020,E00353,272dcc1c-afe7-4b20-a1e0-4207183f7257,18/10/2020,
6,31/10/2020,E01496,a8fed9c5-bc78-41ca-a775-73615ae4d723,15/10/2020,
6,31/10/2020,E00940,6e1fe8b6-be1c-4359-94f6-277adee464b6,13/10/2020,
6,31/10/2020,E00595,856c6279-1a89-49db-bcf3-617046e9f3e9,01/10/2020,
6,30/11/2020,E01484,751faa49-8b4a-4832-83d3-8e347fba3080,18/11/2019,
6,30/11/2020,E00872,dfb75e30-e218-4919-a93e-396d60f3d97e,19/11/2019,
6,30/11/2020,E01423,7b649d2d-b337-4e56-a948-b9fa147a2bff,14/11/2019,
6,30/11/2020,E01458,fc4b039d-69b6-4e6d-9e7b-047be57f683a,04/11/2019,
6,30/11/2020,E00711,b6f3af8d-f408-481b-a194-f1397ccee628,27/11/2019,
6,30/11/2020,E01233,2e6a80f3-4653-4a2a-a995-81abcad9f79e,02/11/2019,
6,30/11/2020,E01098,37e5bf10-1fe8-4624-85e5-806bf2275f08,26/01/2020,
6,30/11/2020,E00558,47ef24e1-67b3-4e61-8ee5-d1ee8b57f61b,13/01/2020,
4,30/11/2020,E00498,ba4a2902-d042-4cd4-9da2-7e2582cfebf8,01/03/2020,
6,30/11/2020,E00858,a84531d4-721e-453d-b4b3-53abfa965a36,28/03/2020,21/11/2020
6,30/11/2020,E01043,ea005c4d-3315-402e-b5b3-2adb6200bbe5,22/04/2020,
6,30/11/2020,E00260,e4fc80cb-de3f-4f3f-8283-bba91fdb919e,23/04/2020,
6,30/11/2020,E01389,3d32fca2-0292-42c2-a711-ce242e2a4cdc,09/05/2020,
6,30/11/2020,E00629,b1a9cdc6-c40e-4c42-ba64-d99e4b25eff4,29/06/2020,
6,30/11/2020,E00071,f8cbda5b-81ed-40ac-919f-43b57115ade6,03/09/2020,
6,30/11/2020,E00770,4641cd8a-3ccf-4343-89b6-d9f7a2162679,06/09/2020,
6,30/11/2020,E00353,272dcc1c-afe7-4b20-a1e0-4207183f7257,18/10/2020,
6,30/11/2020,E01496,a8fed9c5-bc78-41ca-a775-73615ae4d723,15/10/2020,
6,30/11/2020,E00940,6e1fe8b6-be1c-4359-94f6-277adee464b6,13/10/2020,
6,30/11/2020,E00595,856c6279-1a89-49db-bcf3-617046e9f3e9,01/10/2020,
6,30/11/2020,E00765,2c711aa1-d7e4-490f-8883-b7e9582d684c,12/11/2020,
6,30/11/2020,E00763,230b7b59-8d6d-41ac-9a18-c2d65fea31c0,11/11/2020,
6,30/11/2020,E00137,e9ade065-b9ff-4d02-b691-a76dbda71c18,16/11/2020,
6,31/12/2020,E01484,751faa49-8b4a-4832-83d3-8e347fba3080,18/11/2019,
6,31/12/2020,E00872,dfb75e30-e218-4919-a93e-396d60f3d97e,19/11/2019,
6,31/12/2020,E01423,7b649d2d-b337-4e56-a948-b9fa147a2bff,14/11/2019,
6,31/12/2020,E01458,fc4b039d-69b6-4e6d-9e7b-047be57f683a,04/11/2019,
6,31/12/2020,E00711,b6f3af8d-f408-481b-a194-f1397ccee628,27/11/2019,
6,31/12/2020,E01233,2e6a80f3-4653-4a2a-a995-81abcad9f79e,02/11/2019,
6,31/12/2020,E01098,37e5bf10-1fe8-4624-85e5-806bf2275f08,26/01/2020,
6,31/12/2020,E00558,47ef24e1-67b3-4e61-8ee5-d1ee8b57f61b,13/01/2020,
4,31/12/2020,E00498,ba4a2902-d042-4cd4-9da2-7e2582cfebf8,01/03/2020,
6,31/12/2020,E01043,ea005c4d-3315-402e-b5b3-2adb6200bbe5,22/04/2020,
6,31/12/2020,E00260,e4fc80cb-de3f-4f3f-8283-bba91fdb919e,23/04/2020,
6,31/12/2020,E01389,3d32fca2-0292-42c2-a711-ce242e2a4cdc,09/05/2020,
6,31/12/2020,E00629,b1a9cdc6-c40e-4c42-ba64-d99e4b25eff4,29/06/2020,27/12/2020
6,31/12/2020,E00071,f8cbda5b-81ed-40ac-919f-43b57115ade6,03/09/2020,
6,31/12/2020,E00770,4641cd8a-3ccf-4343-89b6-d9f7a2162679,06/09/2020,
6,31/12/2020,E00353,272dcc1c-afe7-4b20-a1e0-4207183f7257,18/10/2020,
6,31/12/2020,E01496,a8fed9c5-bc78-41ca-a775-73615ae4d723,15/10/2020,
6,31/12/2020,E00940,6e1fe8b6-be1c-4359-94f6-277adee464b6,13/10/2020,
6,31/12/2020,E00595,856c6279-1a89-49db-bcf3-617046e9f3e9,01/10/2020,
6,31/12/2020,E00765,2c711aa1-d7e4-490f-8883-b7e9582d684c,12/11/2020,
6,31/12/2020,E00763,230b7b59-8d6d-41ac-9a18-c2d65fea31c0,11/11/2020,
6,31/12/2020,E00137,e9ade065-b9ff-4d02-b691-a76dbda71c18,16/11/2020,21/12/2020
6,31/12/2020,E00908,d15117ce-2be3-4b14-8a89-4c539bf1d93f,04/12/2020,
6,31/12/2020,E00542,1e9e6919-52d1-4bd0-bdb5-8db34efcc16f,01/12/2020,
6,31/12/2020,E01179,8cfdd43b-4106-4e1a-a364-89ea53377f91,17/12/2020,
6,31/01/2021,E01484,751faa49-8b4a-4832-83d3-8e347fba3080,18/11/2019,
6,31/01/2021,E00872,dfb75e30-e218-4919-a93e-396d60f3d97e,19/11/2019,
6,31/01/2021,E01423,7b649d2d-b337-4e56-a948-b9fa147a2bff,14/11/2019,
6,31/01/2021,E01458,fc4b039d-69b6-4e6d-9e7b-047be57f683a,04/11/2019,
6,31/01/2021,E00711,b6f3af8d-f408-481b-a194-f1397ccee628,27/11/2019,
6,31/01/2021,E01233,2e6a80f3-4653-4a2a-a995-81abcad9f79e,02/11/2019,
6,31/01/2021,E01098,37e5bf10-1fe8-4624-85e5-806bf2275f08,26/01/2020,
6,31/01/2021,E00558,47ef24e1-67b3-4e61-8ee5-d1ee8b57f61b,13/01/2020,
4,31/01/2021,E00498,ba4a2902-d042-4cd4-9da2-7e2582cfebf8,01/03/2020,
6,31/01/2021,E01043,ea005c4d-3315-402e-b5b3-2adb6200bbe5,22/04/2020,
6,31/01/2021,E00260,e4fc80cb-de3f-4f3f-8283-bba91fdb919e,23/04/2020,
6,31/01/2021,E01389,3d32fca2-0292-42c2-a711-ce242e2a4cdc,09/05/2020,
6,31/01/2021,E00071,f8cbda5b-81ed-40ac-919f-43b57115ade6,03/09/2020,
6,31/01/2021,E00770,4641cd8a-3ccf-4343-89b6-d9f7a2162679,06/09/2020,
6,31/01/2021,E00353,272dcc1c-afe7-4b20-a1e0-4207183f7257,18/10/2020,
6,31/01/2021,E01496,a8fed9c5-bc78-41ca-a775-73615ae4d723,15/10/2020,
6,31/01/2021,E00940,6e1fe8b6-be1c-4359-94f6-277adee464b6,13/10/2020,
6,31/01/2021,E00595,856c6279-1a89-49db-bcf3-617046e9f3e9,01/10/2020,
6,31/01/2021,E00765,2c711aa1-d7e4-490f-8883-b7e9582d684c,12/11/2020,
6,31/01/2021,E00763,230b7b59-8d6d-41ac-9a18-c2d65fea31c0,11/11/2020,
6,31/01/2021,E00908,d15117ce-2be3-4b14-8a89-4c539bf1d93f,04/12/2020,25/01/2021
6,31/01/2021,E00542,1e9e6919-52d1-4bd0-bdb5-8db34efcc16f,01/12/2020,
6,31/01/2021,E01179,8cfdd43b-4106-4e1a-a364-89ea53377f91,17/12/2020,
6,28/02/2021,E01484,751faa49-8b4a-4832-83d3-8e347fba3080,18/11/2019,
6,28/02/2021,E00872,dfb75e30-e218-4919-a93e-396d60f3d97e,19/11/2019,
6,28/02/2021,E01423,7b649d2d-b337-4e56-a948-b9fa147a2bff,14/11/2019,
6,28/02/2021,E01458,fc4b039d-69b6-4e6d-9e7b-047be57f683a,04/11/2019,
6,28/02/2021,E00711,b6f3af8d-f408-481b-a194-f1397ccee628,27/11/2019,
6,28/02/2021,E01233,2e6a80f3-4653-4a2a-a995-81abcad9f79e,02/11/2019,
6,28/02/2021,E01098,37e5bf10-1fe8-4624-85e5-806bf2275f08,26/01/2020,
6,28/02/2021,E00558,47ef24e1-67b3-4e61-8ee5-d1ee8b57f61b,13/01/2020,
4,28/02/2021,E00498,ba4a2902-d042-4cd4-9da2-7e2582cfebf8,01/03/2020,
6,28/02/2021,E01043,ea005c4d-3315-402e-b5b3-2adb6200bbe5,22/04/2020,
6,28/02/2021,E00260,e4fc80cb-de3f-4f3f-8283-bba91fdb919e,23/04/2020,
6,28/02/2021,E01389,3d32fca2-0292-42c2-a711-ce242e2a4cdc,09/05/2020,
6,28/02/2021,E00071,f8cbda5b-81ed-40ac-919f-43b57115ade6,03/09/2020,
6,28/02/2021,E00770,4641cd8a-3ccf-4343-89b6-d9f7a2162679,06/09/2020,
6,28/02/2021,E00353,272dcc1c-afe7-4b20-a1e0-4207183f7257,18/10/2020,
6,28/02/2021,E01496,a8fed9c5-bc78-41ca-a775-73615ae4d723,15/10/2020,
6,28/02/2021,E00940,6e1fe8b6-be1c-4359-94f6-277adee464b6,13/10/2020,
6,28/02/2021,E00595,856c6279-1a89-49db-bcf3-617046e9f3e9,01/10/2020,
6,28/02/2021,E00765,2c711aa1-d7e4-490f-8883-b7e9582d684c,12/11/2020,
6,28/02/2021,E00763,230b7b59-8d6d-41ac-9a18-c2d65fea31c0,11/11/2020,
2,28/02/2021,E00908,d15117ce-2be3-4b14-8a89-4c539bf1d93f,05/02/2021,
6,28/02/2021,E00542,1e9e6919-52d1-4bd0-bdb5-8db34efcc16f,01/12/2020,
6,28/02/2021,E01179,8cfdd43b-4106-4e1a-a364-89ea53377f91,17/12/2020,17/02/2021
6,28/02/2021,E01419,823b9561-cc8b-4aee-8ecb-042b1392c3af,17/02/2021,
6,28/02/2021,E00324,344a783d-8c2a-45f4-9445-fa3a66b12f1b,01/02/2021,
6,28/02/2021,E01495,bf05255f-243f-4e36-b81f-7828fca1ebab,25/02/2021,
6,31/03/2021,E01484,751faa49-8b4a-4832-83d3-8e347fba3080,18/11/2019,
6,31/03/2021,E00872,dfb75e30-e218-4919-a93e-396d60f3d97e,19/11/2019,
6,31/03/2021,E01423,7b649d2d-b337-4e56-a948-b9fa147a2bff,14/11/2019,
6,31/03/2021,E01458,fc4b039d-69b6-4e6d-9e7b-047be57f683a,04/11/2019,24/03/2021
6,31/03/2021,E00711,b6f3af8d-f408-481b-a194-f1397ccee628,27/11/2019,
6,31/03/2021,E01233,2e6a80f3-4653-4a2a-a995-81abcad9f79e,02/11/2019,
6,31/03/2021,E01098,37e5bf10-1fe8-4624-85e5-806bf2275f08,26/01/2020,
6,31/03/2021,E00558,47ef24e1-67b3-4e61-8ee5-d1ee8b57f61b,13/01/2020,
4,31/03/2021,E00498,ba4a2902-d042-4cd4-9da2-7e2582cfebf8,01/03/2020,
6,31/03/2021,E01043,ea005c4d-3315-402e-b5b3-2adb6200bbe5,22/04/2020,
6,31/03/2021,E00260,e4fc80cb-de3f-4f3f-8283-bba91fdb919e,23/04/2020,
6,31/03/2021,E01389,3d32fca2-0292-42c2-a711-ce242e2a4cdc,09/05/2020,
6,31/03/2021,E00071,f8cbda5b-81ed-40ac-919f-43b57115ade6,03/09/2020,
6,31/03/2021,E00770,4641cd8a-3ccf-4343-89b6-d9f7a2162679,06/09/2020,
6,31/03/2021,E00353,272dcc1c-afe7-4b20-a1e0-4207183f7257,18/10/2020,
6,31/03/2021,E01496,a8fed9c5-bc78-41ca-a775-73615ae4d723,15/10/2020,29/03/2021
6,31/03/2021,E00940,6e1fe8b6-be1c-4359-94f6-277adee464b6,13/10/2020,
6,31/03/2021,E00595,856c6279-1a89-49db-bcf3-617046e9f3e9,01/10/2020,
6,31/03/2021,E00765,2c711aa1-d7e4-490f-8883-b7e9582d684c,12/11/2020,
6,31/03/2021,E00763,230b7b59-8d6d-41ac-9a18-c2d65fea31c0,11/11/2020,
2,31/03/2021,E00908,d15117ce-2be3-4b14-8a89-4c539bf1d93f,05/02/2021,
6,31/03/2021,E00542,1e9e6919-52d1-4bd0-bdb5-8db34efcc16f,01/12/2020,
6,31/03/2021,E01419,823b9561-cc8b-4aee-8ecb-042b1392c3af,17/02/2021,
6,31/03/2021,E00324,344a783d-8c2a-45f4-9445-fa3a66b12f1b,01/02/2021,
6,31/03/2021,E01495,bf05255f-243f-4e36-b81f-7828fca1ebab,25/02/2021,
6,30/04/2021,E01484,751faa49-8b4a-4832-83d3-8e347fba3080,18/11/2019,
6,30/04/2021,E00872,dfb75e30-e218-4919-a93e-396d60f3d97e,19/11/2019,
6,30/04/2021,E01423,7b649d2d-b337-4e56-a948-b9fa147a2bff,14/11/2019,
6,30/04/2021,E00711,b6f3af8d-f408-481b-a194-f1397ccee628,27/11/2019,
6,30/04/2021,E01233,2e6a80f3-4653-4a2a-a995-81abcad9f79e,02/11/2019,
6,30/04/2021,E01098,37e5bf10-1fe8-4624-85e5-806bf2275f08,26/01/2020,21/04/2021
6,30/04/2021,E00558,47ef24e1-67b3-4e61-8ee5-d1ee8b57f61b,13/01/2020,
4,30/04/2021,E00498,ba4a2902-d042-4cd4-9da2-7e2582cfebf8,01/03/2020,
6,30/04/2021,E01043,ea005c4d-3315-402e-b5b3-2adb6200bbe5,22/04/2020,
6,30/04/2021,E00260,e4fc80cb-de3f-4f3f-8283-bba91fdb919e,23/04/2020,
6,30/04/2021,E01389,3d32fca2-0292-42c2-a711-ce242e2a4cdc,09/05/2020,
6,30/04/2021,E00071,f8cbda5b-81ed-40ac-919f-43b57115ade6,03/09/2020,
6,30/04/2021,E00770,4641cd8a-3ccf-4343-89b6-d9f7a2162679,06/09/2020,
6,30/04/2021,E00353,272dcc1c-afe7-4b20-a1e0-4207183f7257,18/10/2020,
6,30/04/2021,E00940,6e1fe8b6-be1c-4359-94f6-277adee464b6,13/10/2020,
6,30/04/2021,E00595,856c6279-1a89-49db-bcf3-617046e9f3e9,01/10/2020,
6,30/04/2021,E00765,2c711aa1-d7e4-490f-8883-b7e9582d684c,12/11/2020,
6,30/04/2021,E00763,230b7b59-8d6d-41ac-9a18-c2d65fea31c0,11/11/2020,
2,30/04/2021,E00908,d15117ce-2be3-4b14-8a89-4c539bf1d93f,05/02/2021,
6,30/04/2021,E00542,1e9e6919-52d1-4bd0-bdb5-8db34efcc16f,01/12/2020,
6,30/04/2021,E01419,823b9561-cc8b-4aee-8ecb-042b1392c3af,17/02/2021,
6,30/04/2021,E00324,344a783d-8c2a-45f4-9445-fa3a66b12f1b,01/02/2021,
6,30/04/2021,E01495,bf05255f-243f-4e36-b81f-7828fca1ebab,25/02/2021,
6,30/04/2021,E00202,71805088-7656-4507-99b7-fdb3d3598d87,17/04/2021,
6,30/04/2021,E00817,3d17807a-db6a-493d-9296-1ad79f395369,24/04/2021,
6,30/04/2021,E00037,c325bdb4-23b2-42f4-a843-6bb758e1873e,02/04/2021,
6,31/05/2021,E01484,751faa49-8b4a-4832-83d3-8e347fba3080,18/11/2019,
6,31/05/2021,E00872,dfb75e30-e218-4919-a93e-396d60f3d97e,19/11/2019,
6,31/05/2021,E01423,7b649d2d-b337-4e56-a948-b9fa147a2bff,14/11/2019,
6,31/05/2021,E00711,b6f3af8d-f408-481b-a194-f1397ccee628,27/11/2019,15/05/2021
6,31/05/2021,E01233,2e6a80f3-4653-4a2a-a995-81abcad9f79e,02/11/2019,
6,31/05/2021,E00558,47ef24e1-67b3-4e61-8ee5-d1ee8b57f61b,13/01/2020,
4,31/05/2021,E00498,ba4a2902-d042-4cd4-9da2-7e2582cfebf8,01/03/2020,
6,31/05/2021,E01043,ea005c4d-3315-402e-b5b3-2adb6200bbe5,22/04/2020,
6,31/05/2021,E00260,e4fc80cb-de3f-4f3f-8283-bba91fdb919e,23/04/2020,29/05/2021
6,31/05/2021,E01389,3d32fca2-0292-42c2-a711-ce242e2a4cdc,09/05/2020,
6,31/05/2021,E00071,f8cbda5b-81ed-40ac-919f-43b57115ade6,03/09/2020,
6,31/05/2021,E00770,4641cd8a-3ccf-4343-89b6-d9f7a2162679,06/09/2020,
6,31/05/2021,E00353,272dcc1c-afe7-4b20-a1e0-4207183f7257,18/10/2020,
6,31/05/2021,E00940,6e1fe8b6-be1c-4359-94f6-277adee464b6,13/10/2020,
6,31/05/2021,E00595,856c6279-1a89-49db-bcf3-617046e9f3e9,01/10/2020,07/05/2021
6,31/05/2021,E00765,2c711aa1-d7e4-490f-8883-b7e9582d684c,12/11/2020,
6,31/05/2021,E00763,230b7b59-8d6d-41ac-9a18-c2d65fea31c0,11/11/2020,
2,31/05/2021,E00908,d15117ce-2be3-4b14-8a89-4c539bf1d93f,05/02/2021,
6,31/05/2021,E00542,1e9e6919-52d1-4bd0-bdb5-8db34efcc16f,01/12/2020,
6,31/05/2021,E01419,823b9561-cc8b-4aee-8ecb-042b1392c3af,17/02/2021,
6,31/05/2021,E00324,344a783d-8c2a-45f4-9445-fa3a66b12f1b,01/02/2021,
6,31/05/2021,E01495,bf05255f-243f-4e36-b81f-7828fca1ebab,25/02/2021,
6,31/05/2021,E00202,71805088-7656-4507-99b7-fdb3d3598d87,17/04/2021,
6,31/05/2021,E00817,3d17807a-db6a-493d-9296-1ad79f395369,24/04/2021,
6,31/05/2021,E00037,c325bdb4-23b2-42f4-a843-6bb758e1873e,02/04/2021,
6,31/05/2021,E00570,8b8d8579-e143-485c-8197-2d86170d0010,09/05/2021,
6,31/05/2021,E00145,b8f71620-d6c2-494f-84c4-2c728072fc7a,19/05/2021,
6,31/05/2021,E00338,c493bc94-c821-441d-844a-4abbc1cc102e,27/05/2021,
6,31/05/2021,E00416,1646247a-56b3-4fe4-b54f-9e367ca967c4,26/05/2021,
6,31/05/2021,E01283,bd6ee73b-ae1d-4318-ad79-4a7f427325b4,28/05/2021,
6,31/05/2021,E00048,d8ef1d37-0a9c-4e59-adf6-714a14949cd9,03/05/2021,
6,30/06/2021,E01484,751faa49-8b4a-4832-83d3-8e347fba3080,18/11/2019,
6,30/06/2021,E00872,dfb75e30-e218-4919-a93e-396d60f3d97e,19/11/2019,
6,30/06/2021,E01423,7b649d2d-b337-4e56-a948-b9fa147a2bff,14/11/2019,
6,30/06/2021,E01233,2e6a80f3-4653-4a2a-a995-81abcad9f79e,02/11/2019,
6,30/06/2021,E00558,47ef24e1-67b3-4e61-8ee5-d1ee8b57f61b,13/01/2020,
4,30/06/2021,E00498,ba4a2902-d042-4cd4-9da2-7e2582cfebf8,01/03/2020,01/06/2021
6,30/06/2021,E01043,ea005c4d-3315-402e-b5b3-2adb6200bbe5,22/04/2020,
3,30/06/2021,E00260,e4fc80cb-de3f-4f3f-8283-bba91fdb919e,07/06/2021,
6,30/06/2021,E01389,3d32fca2-0292-42c2-a711-ce242e2a4cdc,09/05/2020,
6,30/06/2021,E00071,f8cbda5b-81ed-40ac-919f-43b57115ade6,03/09/2020,
6,30/06/2021,E00770,4641cd8a-3ccf-4343-89b6-d9f7a2162679,06/09/2020,
6,30/06/2021,E00353,272dcc1c-afe7-4b20-a1e0-4207183f7257,18/10/2020,
6,30/06/2021,E00940,6e1fe8b6-be1c-4359-94f6-277adee464b6,13/10/2020,
6,30/06/2021,E00765,2c711aa1-d7e4-490f-8883-b7e9582d684c,12/11/2020,
6,30/06/2021,E00763,230b7b59-8d6d-41ac-9a18-c2d65fea31c0,11/11/2020,
2,30/06/2021,E00908,d15117ce-2be3-4b14-8a89-4c539bf1d93f,05/02/2021,04/06/2021
6,30/06/2021,E00542,1e9e6919-52d1-4bd0-bdb5-8db34efcc16f,01/12/2020,
6,30/06/2021,E01419,823b9561-cc8b-4aee-8ecb-042b1392c3af,17/02/2021,
6,30/06/2021,E00324,344a783d-8c2a-45f4-9445-fa3a66b12f1b,01/02/2021,
6,30/06/2021,E01495,bf05255f-243f-4e36-b81f-7828fca1ebab,25/02/2021,
6,30/06/2021,E00202,71805088-7656-4507-99b7-fdb3d3598d87,17/04/2021,
6,30/06/2021,E00817,3d17807a-db6a-493d-9296-1ad79f395369,24/04/2021,
6,30/06/2021,E00037,c325bdb4-23b2-42f4-a843-6bb758e1873e,02/04/2021,
6,30/06/2021,E00570,8b8d8579-e143-485c-8197-2d86170d0010,09/05/2021,
6,30/06/2021,E00145,b8f71620-d6c2-494f-84c4-2c728072fc7a,19/05/2021,
6,30/06/2021,E00338,c493bc94-c821-441d-844a-4abbc1cc102e,27/05/2021,
6,30/06/2021,E00416,1646247a-56b3-4fe4-b54f-9e367ca967c4,26/05/2021,
6,30/06/2021,E01283,bd6ee73b-ae1d-4318-ad79-4a7f427325b4,28/05/2021,15/06/2021
6,30/06/2021,E00048,d8ef1d37-0a9c-4e59-adf6-714a14949cd9,03/05/2021,
6,31/07/2021,E01484,751faa49-8b4a-4832-83d3-8e347fba3080,18/11/2019,
6,31/07/2021,E00872,dfb75e30-e218-4919-a93e-396d60f3d97e,19/11/2019,
6,31/07/2021,E01423,7b649d2d-b337-4e56-a948-b9fa147a2bff,14/11/2019,
6,31/07/2021,E01233,2e6a80f3-4653-4a2a-a995-81abcad9f79e,02/11/2019,
6,31/07/2021,E00558,47ef24e1-67b3-4e61-8ee5-d1ee8b57f61b,13/01/2020,
6,31/07/2021,E01043,ea005c4d-3315-402e-b5b3-2adb6200bbe5,22/04/2020,
3,31/07/2021,E00260,e4fc80cb-de3f-4f3f-8283-bba91fdb919e,07/06/2021,
6,31/07/2021,E01389,3d32fca2-0292-42c2-a711-ce242e2a4cdc,09/05/2020,
6,31/07/2021,E00071,f8cbda5b-81ed-40ac-919f-43b57115ade6,03/09/2020,
6,31/07/2021,E00770,4641cd8a-3ccf-4343-89b6-d9f7a2162679,06/09/2020,
6,31/07/2021,E00353,272dcc1c-afe7-4b20-a1e0-4207183f7257,18/10/2020,
6,31/07/2021,E00940,6e1fe8b6-be1c-4359-94f6-277adee464b6,13/10/2020,
6,31/07/2021,E00765,2c711aa1-d7e4-490f-8883-b7e9582d684c,12/11/2020,
6,31/07/2021,E00763,230b7b59-8d6d-41ac-9a18-c2d65fea31c0,11/11/2020,14/07/2021
6,31/07/2021,E00542,1e9e6919-52d1-4bd0-bdb5-8db34efcc16f,01/12/2020,
6,31/07/2021,E01419,823b9561-cc8b-4aee-8ecb-042b1392c3af,17/02/2021,
6,31/07/2021,E00324,344a783d-8c2a-45f4-9445-fa3a66b12f1b,01/02/2021,19/07/2021
6,31/07/2021,E01495,bf05255f-243f-4e36-b81f-7828fca1ebab,25/02/2021,
6,31/07/2021,E00202,71805088-7656-4507-99b7-fdb3d3598d87,17/04/2021,
6,31/07/2021,E00817,3d17807a-db6a-493d-9296-1ad79f395369,24/04/2021,
6,31/07/2021,E00037,c325bdb4-23b2-42f4-a843-6bb758e1873e,02/04/2021,
6,31/07/2021,E00570,8b8d8579-e143-485c-8197-2d86170d0010,09/05/2021,
6,31/07/2021,E00145,b8f71620-d6c2-494f-84c4-2c728072fc7a,19/05/2021,
6,31/07/2021,E00338,c493bc94-c821-441d-844a-4abbc1cc102e,27/05/2021,
6,31/07/2021,E00416,1646247a-56b3-4fe4-b54f-9e367ca967c4,26/05/2021,
6,31/07/2021,E00048,d8ef1d37-0a9c-4e59-adf6-714a14949cd9,03/05/2021,
6,31/07/2021,E00378,bc0e5f81-4700-412f-af4e-6ed77c846de9,07/07/2021,
6,31/07/2021,E00559,7a81243a-0aa6-4072-bb10-b1d8cb3fadd3,26/07/2021,
6,31/07/2021,E00034,7beab3c0-a02e-4064-ada7-735d388253ce,15/07/2021,
6,31/07/2021,E01280,e82034ae-f383-485f-a73d-2b452734c50e,06/07/2021,
6,31/07/2021,E00695,a279e3ad-b30d-4968-adfb-2fdc0313a73c,29/07/2021,
6,31/08/2021,E01484,751faa49-8b4a-4832-83d3-8e347fba3080,18/11/2019,
6,31/08/2021,E00872,dfb75e30-e218-4919-a93e-396d60f3d97e,19/11/2019,
6,31/08/2021,E01423,7b649d2d-b337-4e56-a948-b9fa147a2bff,14/11/2019,
6,31/08/2021,E01233,2e6a80f3-4653-4a2a-a995-81abcad9f79e,02/11/2019,
6,31/08/2021,E00558,47ef24e1-67b3-4e61-8ee5-d1ee8b57f61b,13/01/2020,
6,31/08/2021,E01043,ea005c4d-3315-402e-b5b3-2adb6200bbe5,22/04/2020,
3,31/08/2021,E00260,e4fc80cb-de3f-4f3f-8283-bba91fdb919e,07/06/2021,
6,31/08/2021,E01389,3d32fca2-0292-42c2-a711-ce242e2a4cdc,09/05/2020,
6,31/08/2021,E00071,f8cbda5b-81ed-40ac-919f-43b57115ade6,03/09/2020,
6,31/08/2021,E00770,4641cd8a-3ccf-4343-89b6-d9f7a2162679,06/09/2020,
6,31/08/2021,E00353,272dcc1c-afe7-4b20-a1e0-4207183f7257,18/10/2020,
6,31/08/2021,E00940,6e1fe8b6-be1c-4359-94f6-277adee464b6,13/10/2020,
6,31/08/2021,E00765,2c711aa1-d7e4-490f-8883-b7e9582d684c,12/11/2020,
6,31/08/2021,E00542,1e9e6919-52d1-4bd0-bdb5-8db34efcc16f,01/12/2020,
6,31/08/2021,E01419,823b9561-cc8b-4aee-8ecb-042b1392c3af,17/02/2021,
6,31/08/2021,E01495,bf05255f-243f-4e36-b81f-7828fca1ebab,25/02/2021,
6,31/08/2021,E00202,71805088-7656-4507-99b7-fdb3d3598d87,17/04/2021,
6,31/08/2021,E00817,3d17807a-db6a-493d-9296-1ad79f395369,24/04/2021,
6,31/08/2021,E00037,c325bdb4-23b2-42f4-a843-6bb758e1873e,02/04/2021,
6,31/08/2021,E00570,8b8d8579-e143-485c-8197-2d86170d0010,09/05/2021,
6,31/08/2021,E00145,b8f71620-d6c2-494f-84c4-2c728072fc7a,19/05/2021,
6,31/08/2021,E00338,c493bc94-c821-441d-844a-4abbc1cc102e,27/05/2021,
6,31/08/2021,E00416,1646247a-56b3-4fe4-b54f-9e367ca967c4,26/05/2021,
6,31/08/2021,E00048,d8ef1d37-0a9c-4e59-adf6-714a14949cd9,03/05/2021,31/08/2021
6,31/08/2021,E00378,bc0e5f81-4700-412f-af4e-6ed77c846de9,07/07/2021,09/08/2021
6,31/08/2021,E00559,7a81243a-0aa6-4072-bb10-b1d8cb3fadd3,26/07/2021,
6,31/08/2021,E00034,7beab3c0-a02e-4064-ada7-735d388253ce,15/07/2021,
6,31/08/2021,E01280,e82034ae-f383-485f-a73d-2b452734c50e,06/07/2021,
6,31/08/2021,E00695,a279e3ad-b30d-4968-adfb-2fdc0313a73c,29/07/2021,
6,31/08/2021,E00645,bf6d8641-b138-41d4-a38d-23c389e07f9e,14/08/2021,
6,31/08/2021,E00966,d6d3b31c-37ae-46d9-b5f7-257fb2691b33,04/08/2021,
6,30/09/2021,E01484,751faa49-8b4a-4832-83d3-8e347fba3080,18/11/2019,
6,30/09/2021,E00872,dfb75e30-e218-4919-a93e-396d60f3d97e,19/11/2019,
6,30/09/2021,E01423,7b649d2d-b337-4e56-a948-b9fa147a2bff,14/11/2019,
6,30/09/2021,E01233,2e6a80f3-4653-4a2a-a995-81abcad9f79e,02/11/2019,
6,30/09/2021,E00558,47ef24e1-67b3-4e61-8ee5-d1ee8b57f61b,13/01/2020,
6,30/09/2021,E01043,ea005c4d-3315-402e-b5b3-2adb6200bbe5,22/04/2020,
3,30/09/2021,E00260,e4fc80cb-de3f-4f3f-8283-bba91fdb919e,07/06/2021,
6,30/09/2021,E01389,3d32fca2-0292-42c2-a711-ce242e2a4cdc,09/05/2020,
6,30/09/2021,E00071,f8cbda5b-81ed-40ac-919f-43b57115ade6,03/09/2020,
6,30/09/2021,E00770,4641cd8a-3ccf-4343-89b6-d9f7a2162679,06/09/2020,16/09/2021
6,30/09/2021,E00353,272dcc1c-afe7-4b20-a1e0-4207183f7257,18/10/2020,
6,30/09/2021,E00940,6e1fe8b6-be1c-4359-94f6-277adee464b6,13/10/2020,
6,30/09/2021,E00765,2c711aa1-d7e4-490f-8883-b7e9582d684c,12/11/2020,
6,30/09/2021,E00542,1e9e6919-52d1-4bd0-bdb5-8db34efcc16f,01/12/2020,
6,30/09/2021,E01419,823b9561-cc8b-4aee-8ecb-042b1392c3af,17/02/2021,
6,30/09/2021,E01495,bf05255f-243f-4e36-b81f-7828fca1ebab,25/02/2021,
6,30/09/2021,E00202,71805088-7656-4507-99b7-fdb3d3598d87,17/04/2021,
6,30/09/2021,E00817,3d17807a-db6a-493d-9296-1ad79f395369,24/04/2021,
6,30/09/2021,E00037,c325bdb4-23b2-42f4-a843-6bb758e1873e,02/04/2021,
6,30/09/2021,E00570,8b8d8579-e143-485c-8197-2d86170d0010,09/05/2021,
6,30/09/2021,E00145,b8f71620-d6c2-494f-84c4-2c728072fc7a,19/05/2021,
6,30/09/2021,E00338,c493bc94-c821-441d-844a-4abbc1cc102e,27/05/2021,
6,30/09/2021,E00416,1646247a-56b3-4fe4-b54f-9e367ca967c4,26/05/2021,
6,30/09/2021,E00559,7a81243a-0aa6-4072-bb10-b1d8cb3fadd3,26/07/2021,
6,30/09/2021,E00034,7beab3c0-a02e-4064-ada7-735d388253ce,15/07/2021,
6,30/09/2021,E01280,e82034ae-f383-485f-a73d-2b452734c50e,06/07/2021,
6,30/09/2021,E00695,a279e3ad-b30d-4968-adfb-2fdc0313a73c,29/07/2021,
6,30/09/2021,E00645,bf6d8641-b138-41d4-a38d-23c389e07f9e,14/08/2021,
6,30/09/2021,E00966,d6d3b31c-37ae-46d9-b5f7-257fb2691b33,04/08/2021,
6,30/09/2021,E01386,322c7b43-ad8a-49f2-b081-7a1748249461,13/09/2021,
6,30/09/2021,E00322,d4f75996-a229-493c-a1f5-6112928e6b5a,15/09/2021,
6,30/09/2021,E00186,3bce5b45-b6de-4e03-96bf-784d7795f74d,16/09/2021,
6,31/10/2021,E01484,751faa49-8b4a-4832-83d3-8e347fba3080,18/11/2019,
6,31/10/2021,E00872,dfb75e30-e218-4919-a93e-396d60f3d97e,19/11/2019,
6,31/10/2021,E01423,7b649d2d-b337-4e56-a948-b9fa147a2bff,14/11/2019,
6,31/10/2021,E01233,2e6a80f3-4653-4a2a-a995-81abcad9f79e,02/11/2019,
6,31/10/2021,E00558,47ef24e1-67b3-4e61-8ee5-d1ee8b57f61b,13/01/2020,
6,31/10/2021,E01043,ea005c4d-3315-402e-b5b3-2adb6200bbe5,22/04/2020,
3,31/10/2021,E00260,e4fc80cb-de3f-4f3f-8283-bba91fdb919e,07/06/2021,28/10/2021
6,31/10/2021,E01389,3d32fca2-0292-42c2-a711-ce242e2a4cdc,09/05/2020,
6,31/10/2021,E00071,f8cbda5b-81ed-40ac-919f-43b57115ade6,03/09/2020,
6,31/10/2021,E00353,272dcc1c-afe7-4b20-a1e0-4207183f7257,18/10/2020,
6,31/10/2021,E00940,6e1fe8b6-be1c-4359-94f6-277adee464b6,13/10/2020,
6,31/10/2021,E00765,2c711aa1-d7e4-490f-8883-b7e9582d684c,12/11/2020,30/10/2021
6,31/10/2021,E00542,1e9e6919-52d1-4bd0-bdb5-8db34efcc16f,01/12/2020,30/10/2021
6,31/10/2021,E01419,823b9561-cc8b-4aee-8ecb-042b1392c3af,17/02/2021,
6,31/10/2021,E01495,bf05255f-243f-4e36-b81f-7828fca1ebab,25/02/2021,
6,31/10/2021,E00202,71805088-7656-4507-99b7-fdb3d3598d87,17/04/2021,
6,31/10/2021,E00817,3d17807a-db6a-493d-9296-1ad79f395369,24/04/2021,
6,31/10/2021,E00037,c325bdb4-23b2-42f4-a843-6bb758e1873e,02/04/2021,
6,31/10/2021,E00570,8b8d8579-e143-485c-8197-2d86170d0010,09/05/2021,
6,31/10/2021,E00145,b8f71620-d6c2-494f-84c4-2c728072fc7a,19/05/2021,
6,31/10/2021,E00338,c493bc94-c821-441d-844a-4abbc1cc102e,27/05/2021,
6,31/10/2021,E00416,1646247a-56b3-4fe4-b54f-9e367ca967c4,26/05/2021,
6,31/10/2021,E00559,7a81243a-0aa6-4072-bb10-b1d8cb3fadd3,26/07/2021,
6,31/10/2021,E00034,7beab3c0-a02e-4064-ada7-735d388253ce,15/07/2021,
6,31/10/2021,E01280,e82034ae-f383-485f-a73d-2b452734c50e,06/07/2021,
6,31/10/2021,E00695,a279e3ad-b30d-4968-adfb-2fdc0313a73c,29/07/2021,
6,31/10/2021,E00645,bf6d8641-b138-41d4-a38d-23c389e07f9e,14/08/2021,
6,31/10/2021,E00966,d6d3b31c-37ae-46d9-b5f7-257fb2691b33,04/08/2021,
6,31/10/2021,E01386,322c7b43-ad8a-49f2-b081-7a1748249461,13/09/2021,
6,31/10/2021,E00322,d4f75996-a229-493c-a1f5-6112928e6b5a,15/09/2021,
6,31/10/2021,E00186,3bce5b45-b6de-4e03-96bf-784d7795f74d,16/09/2021,
6,31/10/2021,E00724,dc80311a-8fdf-4dc4-8d5c-492ea6d153d2,10/10/2021,
6,31/10/2021,E01414,e08f37dc-1612-4c1b-90f0-6b450f62732a,23/10/2021,
6,31/10/2021,E01431,734991a5-9921-4b47-bccc-c36e06927e59,29/10/2021,
6,31/10/2021,E01291,4d5ff8a9-2ef0-4d32-8a18-32ba86cd58f0,06/10/2021,
6,30/11/2021,E01484,751faa49-8b4a-4832-83d3-8e347fba3080,18/11/2019,
6,30/11/2021,E00872,dfb75e30-e218-4919-a93e-396d60f3d97e,19/11/2019,
6,30/11/2021,E01423,7b649d2d-b337-4e56-a948-b9fa147a2bff,14/11/2019,
6,30/11/2021,E01233,2e6a80f3-4653-4a2a-a995-81abcad9f79e,02/11/2019,
6,30/11/2021,E00558,47ef24e1-67b3-4e61-8ee5-d1ee8b57f61b,13/01/2020,
6,30/11/2021,E01043,ea005c4d-3315-402e-b5b3-2adb6200bbe5,22/04/2020,
6,30/11/2021,E01389,3d32fca2-0292-42c2-a711-ce242e2a4cdc,09/05/2020,
6,30/11/2021,E00071,f8cbda5b-81ed-40ac-919f-43b57115ade6,03/09/2020,
6,30/11/2021,E00353,272dcc1c-afe7-4b20-a1e0-4207183f7257,18/10/2020,17/11/2021
6,30/11/2021,E00940,6e1fe8b6-be1c-4359-94f6-277adee464b6,13/10/2020,
3,30/11/2021,E00765,2c711aa1-d7e4-490f-8883-b7e9582d684c,04/11/2021,
6,30/11/2021,E01419,823b9561-cc8b-4aee-8ecb-042b1392c3af,17/02/2021,
6,30/11/2021,E01495,bf05255f-243f-4e36-b81f-7828fca1ebab,25/02/2021,
6,30/11/2021,E00202,71805088-7656-4507-99b7-fdb3d3598d87,17/04/2021,
6,30/11/2021,E00817,3d17807a-db6a-493d-9296-1ad79f395369,24/04/2021,
6,30/11/2021,E00037,c325bdb4-23b2-42f4-a843-6bb758e1873e,02/04/2021,
6,30/11/2021,E00570,8b8d8579-e143-485c-8197-2d86170d0010,09/05/2021,
6,30/11/2021,E00145,b8f71620-d6c2-494f-84c4-2c728072fc7a,19/05/2021,
6,30/11/2021,E00338,c493bc94-c821-441d-844a-4abbc1cc102e,27/05/2021,
6,30/11/2021,E00416,1646247a-56b3-4fe4-b54f-9e367ca967c4,26/05/2021,
6,30/11/2021,E00559,7a81243a-0aa6-4072-bb10-b1d8cb3fadd3,26/07/2021,
6,30/11/2021,E00034,7beab3c0-a02e-4064-ada7-735d388253ce,15/07/2021,
6,30/11/2021,E01280,e82034ae-f383-485f-a73d-2b452734c50e,06/07/2021,
6,30/11/2021,E00695,a279e3ad-b30d-4968-adfb-2fdc0313a73c,29/07/2021,
6,30/11/2021,E00645,bf6d8641-b138-41d4-a38d-23c389e07f9e,14/08/2021,
6,30/11/2021,E00966,d6d3b31c-37ae-46d9-b5f7-257fb2691b33,04/08/2021,
6,30/11/2021,E01386,322c7b43-ad8a-49f2-b081-7a1748249461,13/09/2021,16/11/2021
6,30/11/2021,E00322,d4f75996-a229-493c-a1f5-6112928e6b5a,15/09/2021,
6,30/11/2021,E00186,3bce5b45-b6de-4e03-96bf-784d7795f74d,16/09/2021,
6,30/11/2021,E00724,dc80311a-8fdf-4dc4-8d5c-492ea6d153d2,10/10/2021,
6,30/11/2021,E01414,e08f37dc-1612-4c1b-90f0-6b450f62732a,23/10/2021,
6,30/11/2021,E01431,734991a5-9921-4b47-bccc-c36e06927e59,29/10/2021,
6,30/11/2021,E01291,4d5ff8a9-2ef0-4d32-8a18-32ba86cd58f0,06/10/2021,
6,30/11/2021,E00348,7a59a6e5-55cc-476d-aee1-b5b39e69ee23,28/11/2021,
6,30/11/2021,E01476,39ff49f9-bfc5-46b3-8de9-60afa154e9a7,24/11/2021,
6,30/11/2021,E01053,bcdc3569-d8c2-46ab-9de0-36f79237e22d,01/11/2021,
6,30/11/2021,E00090,84325321-d190-417c-86b1-00fe69bd1386,26/11/2021,
6,31/12/2021,E01484,751faa49-8b4a-4832-83d3-8e347fba3080,18/11/2019,
6,31/12/2021,E00872,dfb75e30-e218-4919-a93e-396d60f3d97e,19/11/2019,
6,31/12/2021,E01423,7b649d2d-b337-4e56-a948-b9fa147a2bff,14/11/2019,
6,31/12/2021,E01233,2e6a80f3-4653-4a2a-a995-81abcad9f79e,02/11/2019,
6,31/12/2021,E00558,47ef24e1-67b3-4e61-8ee5-d1ee8b57f61b,13/01/2020,
6,31/12/2021,E01043,ea005c4d-3315-402e-b5b3-2adb6200bbe5,22/04/2020,
6,31/12/2021,E01389,3d32fca2-0292-42c2-a711-ce242e2a4cdc,09/05/2020,
6,31/12/2021,E00071,f8cbda5b-81ed-40ac-919f-43b57115ade6,03/09/2020,
6,31/12/2021,E00940,6e1fe8b6-be1c-4359-94f6-277adee464b6,13/10/2020,
3,31/12/2021,E00765,2c711aa1-d7e4-490f-8883-b7e9582d684c,04/11/2021,29/12/2021
6,31/12/2021,E01419,823b9561-cc8b-4aee-8ecb-042b1392c3af,17/02/2021,
6,31/12/2021,E01495,bf05255f-243f-4e36-b81f-7828fca1ebab,25/02/2021,
6,31/12/2021,E00202,71805088-7656-4507-99b7-fdb3d3598d87,17/04/2021,
6,31/12/2021,E00817,3d17807a-db6a-493d-9296-1ad79f395369,24/04/2021,
6,31/12/2021,E00037,c325bdb4-23b2-42f4-a843-6bb758e1873e,02/04/2021,
6,31/12/2021,E00570,8b8d8579-e143-485c-8197-2d86170d0010,09/05/2021,
6,31/12/2021,E00145,b8f71620-d6c2-494f-84c4-2c728072fc7a,19/05/2021,
6,31/12/2021,E00338,c493bc94-c821-441d-844a-4abbc1cc102e,27/05/2021,
6,31/12/2021,E00416,1646247a-56b3-4fe4-b54f-9e367ca967c4,26/05/2021,
6,31/12/2021,E00559,7a81243a-0aa6-4072-bb10-b1d8cb3fadd3,26/07/2021,
6,31/12/2021,E00034,7beab3c0-a02e-4064-ada7-735d388253ce,15/07/2021,19/12/2021
6,31/12/2021,E01280,e82034ae-f383-485f-a73d-2b452734c50e,06/07/2021,
6,31/12/2021,E00695,a279e3ad-b30d-4968-adfb-2fdc0313a73c,29/07/2021,
6,31/12/2021,E00645,bf6d8641-b138-41d4-a38d-23c389e07f9e,14/08/2021,
6,31/12/2021,E00966,d6d3b31c-37ae-46d9-b5f7-257fb2691b33,04/08/2021,
6,31/12/2021,E00322,d4f75996-a229-493c-a1f5-6112928e6b5a,15/09/2021,
6,31/12/2021,E00186,3bce5b45-b6de-4e03-96bf-784d7795f74d,16/09/2021,
6,31/12/2021,E00724,dc80311a-8fdf-4dc4-8d5c-492ea6d153d2,10/10/2021,
6,31/12/2021,E01414,e08f37dc-1612-4c1b-90f0-6b450f62732a,23/10/2021,
6,31/12/2021,E01431,734991a5-9921-4b47-bccc-c36e06927e59,29/10/2021,
6,31/12/2021,E01291,4d5ff8a9-2ef0-4d32-8a18-32ba86cd58f0,06/10/2021,
6,31/12/2021,E00348,7a59a6e5-55cc-476d-aee1-b5b39e69ee23,28/11/2021,
6,31/12/2021,E01476,39ff49f9-bfc5-46b3-8de9-60afa154e9a7,24/11/2021,
6,31/12/2021,E01053,bcdc3569-d8c2-46ab-9de0-36f79237e22d,01/11/2021,
6,31/12/2021,E00090,84325321-d190-417c-86b1-00fe69bd1386,26/11/2021,
6,31/01/2022,E01484,751faa49-8b4a-4832-83d3-8e347fba3080,18/11/2019,
6,31/01/2022,E00872,dfb75e30-e218-4919-a93e-396d60f3d97e,19/11/2019,
6,31/01/2022,E01423,7b649d2d-b337-4e56-a948-b9fa147a2bff,14/11/2019,
6,31/01/2022,E01233,2e6a80f3-4653-4a2a-a995-81abcad9f79e,02/11/2019,
6,31/01/2022,E00558,47ef24e1-67b3-4e61-8ee5-d1ee8b57f61b,13/01/2020,
6,31/01/2022,E01043,ea005c4d-3315-402e-b5b3-2adb6200bbe5,22/04/2020,
6,31/01/2022,E01389,3d32fca2-0292-42c2-a711-ce242e2a4cdc,09/05/2020,
6,31/01/2022,E00071,f8cbda5b-81ed-40ac-919f-43b57115ade6,03/09/2020,
6,31/01/2022,E00940,6e1fe8b6-be1c-4359-94f6-277adee464b6,13/10/2020,
6,31/01/2022,E01419,823b9561-cc8b-4aee-8ecb-042b1392c3af,17/02/2021,
6,31/01/2022,E01495,bf05255f-243f-4e36-b81f-7828fca1ebab,25/02/2021,
6,31/01/2022,E00202,71805088-7656-4507-99b7-fdb3d3598d87,17/04/2021,
6,31/01/2022,E00817,3d17807a-db6a-493d-9296-1ad79f395369,24/04/2021,
6,31/01/2022,E00037,c325bdb4-23b2-42f4-a843-6bb758e1873e,02/04/2021,
6,31/01/2022,E00570,8b8d8579-e143-485c-8197-2d86170d0010,09/05/2021,
6,31/01/2022,E00145,b8f71620-d6c2-494f-84c4-2c728072fc7a,19/05/2021,
6,31/01/2022,E00338,c493bc94-c821-441d-844a-4abbc1cc102e,27/05/2021,02/01/2022
6,31/01/2022,E00416,1646247a-56b3-4fe4-b54f-9e367ca967c4,26/05/2021,
6,31/01/2022,E00559,7a81243a-0aa6-4072-bb10-b1d8cb3fadd3,26/07/2021,
6,31/01/2022,E01280,e82034ae-f383-485f-a73d-2b452734c50e,06/07/2021,
6,31/01/2022,E00695,a279e3ad-b30d-4968-adfb-2fdc0313a73c,29/07/2021,
6,31/01/2022,E00645,bf6d8641-b138-41d4-a38d-23c389e07f9e,14/08/2021,
6,31/01/2022,E00966,d6d3b31c-37ae-46d9-b5f7-257fb2691b33,04/08/2021,
6,31/01/2022,E00322,d4f75996-a229-493c-a1f5-6112928e6b5a,15/09/2021,
6,31/01/2022,E00186,3bce5b45-b6de-4e03-96bf-784d7795f74d,16/09/2021,
6,31/01/2022,E00724,dc80311a-8fdf-4dc4-8d5c-492ea6d153d2,10/10/2021,
6,31/01/2022,E01414,e08f37dc-1612-4c1b-90f0-6b450f62732a,23/10/2021,
6,31/01/2022,E01431,734991a5-9921-4b47-bccc-c36e06927e59,29/10/2021,
6,31/01/2022,E01291,4d5ff8a9-2ef0-4d32-8a18-32ba86cd58f0,06/10/2021,
6,31/01/2022,E00348,7a59a6e5-55cc-476d-aee1-b5b39e69ee23,28/11/2021,
6,31/01/2022,E01476,39ff49f9-bfc5-46b3-8de9-60afa154e9a7,24/11/2021,
6,31/01/2022,E01053,bcdc3569-d8c2-46ab-9de0-36f79237e22d,01/11/2021,
6,31/01/2022,E00090,84325321-d190-417c-86b1-00fe69bd1386,26/11/2021,
6,31/01/2022,E00910,835b275b-6e3d-4807-8991-9c3c97885c2a,27/01/2022,
6,31/01/2022,E00223,c4f1c3cc-04ab-44b3-af22-59675acfee52,27/01/2022,
6,31/01/2022,E00508,5565d41f-128e-4dc9-8bdd-8a5d70cbb48e,01/01/2022,
6,31/01/2022,E00544,954cdc6c-2918-45cf-aad8-7ec5010e8395,15/01/2022,
6,31/01/2022,E00956,93e2374c-533e-4b57-9fe2-b6a2db64cbc8,13/01/2022,
6,31/01/2022,E00907,157b97c4-504f-4c3c-83b5-5b2e8f9edca3,26/01/2022,
6,28/02/2022,E01484,751faa49-8b4a-4832-83d3-8e347fba3080,18/11/2019,
6,28/02/2022,E00872,dfb75e30-e218-4919-a93e-396d60f3d97e,19/11/2019,
6,28/02/2022,E01423,7b649d2d-b337-4e56-a948-b9fa147a2bff,14/11/2019,
6,28/02/2022,E01233,2e6a80f3-4653-4a2a-a995-81abcad9f79e,02/11/2019,
6,28/02/2022,E00558,47ef24e1-67b3-4e61-8ee5-d1ee8b57f61b,13/01/2020,
6,28/02/2022,E01043,ea005c4d-3315-402e-b5b3-2adb6200bbe5,22/04/2020,
6,28/02/2022,E01389,3d32fca2-0292-42c2-a711-ce242e2a4cdc,09/05/2020,
6,28/02/2022,E00071,f8cbda5b-81ed-40ac-919f-43b57115ade6,03/09/2020,
6,28/02/2022,E00940,6e1fe8b6-be1c-4359-94f6-277adee464b6,13/10/2020,
6,28/02/2022,E01419,823b9561-cc8b-4aee-8ecb-042b1392c3af,17/02/2021,26/02/2022
6,28/02/2022,E01495,bf05255f-243f-4e36-b81f-7828fca1ebab,25/02/2021,
6,28/02/2022,E00202,71805088-7656-4507-99b7-fdb3d3598d87,17/04/2021,
6,28/02/2022,E00817,3d17807a-db6a-493d-9296-1ad79f395369,24/04/2021,
6,28/02/2022,E00037,c325bdb4-23b2-42f4-a843-6bb758e1873e,02/04/2021,
6,28/02/2022,E00570,8b8d8579-e143-485c-8197-2d86170d0010,09/05/2021,
6,28/02/2022,E00145,b8f71620-d6c2-494f-84c4-2c728072fc7a,19/05/2021,
6,28/02/2022,E00416,1646247a-56b3-4fe4-b54f-9e367ca967c4,26/05/2021,
6,28/02/2022,E00559,7a81243a-0aa6-4072-bb10-b1d8cb3fadd3,26/07/2021,
6,28/02/2022,E01280,e82034ae-f383-485f-a73d-2b452734c50e,06/07/2021,27/02/2022
6,28/02/2022,E00695,a279e3ad-b30d-4968-adfb-2fdc0313a73c,29/07/2021,
6,28/02/2022,E00645,bf6d8641-b138-41d4-a38d-23c389e07f9e,14/08/2021,
6,28/02/2022,E00966,d6d3b31c-37ae-46d9-b5f7-257fb2691b33,04/08/2021,
6,28/02/2022,E00322,d4f75996-a229-493c-a1f5-6112928e6b5a,15/09/2021,
6,28/02/2022,E00186,3bce5b45-b6de-4e03-96bf-784d7795f74d,16/09/2021,
6,28/02/2022,E00724,dc80311a-8fdf-4dc4-8d5c-492ea6d153d2,10/10/2021,
6,28/02/2022,E01414,e08f37dc-1612-4c1b-90f0-6b450f62732a,23/10/2021,
6,28/02/2022,E01431,734991a5-9921-4b47-bccc-c36e06927e59,29/10/2021,
6,28/02/2022,E01291,4d5ff8a9-2ef0-4d32-8a18-32ba86cd58f0,06/10/2021,
6,28/02/2022,E00348,7a59a6e5-55cc-476d-aee1-b5b39e69ee23,28/11/2021,
6,28/02/2022,E01476,39ff49f9-bfc5-46b3-8de9-60afa154e9a7,24/11/2021,18/02/2022
6,28/02/2022,E01053,bcdc3569-d8c2-46ab-9de0-36f79237e22d,01/11/2021,
6,28/02/2022,E00090,84325321-d190-417c-86b1-00fe69bd1386,26/11/2021,
6,28/02/2022,E00910,835b275b-6e3d-4807-8991-9c3c97885c2a,27/01/2022,
6,28/02/2022,E00223,c4f1c3cc-04ab-44b3-af22-59675acfee52,27/01/2022,
6,28/02/2022,E00508,5565d41f-128e-4dc9-8bdd-8a5d70cbb48e,01/01/2022,
6,28/02/2022,E00544,954cdc6c-2918-45cf-aad8-7ec5010e8395,15/01/2022,
6,28/02/2022,E00956,93e2374c-533e-4b57-9fe2-b6a2db64cbc8,13/01/2022,
6,28/02/2022,E00907,157b97c4-504f-4c3c-83b5-5b2e8f9edca3,26/01/2022,
6,28/02/2022,E00965,b21406f2-2cd4-479c-85da-326eecd9983e,26/02/2022,
6,28/02/2022,E01106,41d575d6-665e-4f15-8117-0dcbe18d20e4,07/02/2022,
6,28/02/2022,E01092,4319e9e2-4e3c-4670-bdd2-a68fb3a11ecc,20/02/2022,
6,28/02/2022,E00919,2ca6d915-70a7-4bd3-8ee8-3747ab77dc5f,28/02/2022,
6,28/02/2022,E00242,c390761b-704c-469e-bae5-bebba737cd1b,12/02/2022,
6,31/03/2022,E01484,751faa49-8b4a-4832-83d3-8e347fba3080,18/11/2019,
6,31/03/2022,E00872,dfb75e30-e218-4919-a93e-396d60f3d97e,19/11/2019,
6,31/03/2022,E01423,7b649d2d-b337-4e56-a948-b9fa147a2bff,14/11/2019,
6,31/03/2022,E01233,2e6a80f3-4653-4a2a-a995-81abcad9f79e,02/11/2019,
6,31/03/2022,E00558,47ef24e1-67b3-4e61-8ee5-d1ee8b57f61b,13/01/2020,
6,31/03/2022,E01043,ea005c4d-3315-402e-b5b3-2adb6200bbe5,22/04/2020,
6,31/03/2022,E01389,3d32fca2-0292-42c2-a711-ce242e2a4cdc,09/05/2020,
6,31/03/2022,E00071,f8cbda5b-81ed-40ac-919f-43b57115ade6,03/09/2020,
6,31/03/2022,E00940,6e1fe8b6-be1c-4359-94f6-277adee464b6,13/10/2020,
3,31/03/2022,E01419,823b9561-cc8b-4aee-8ecb-042b1392c3af,01/03/2022,
6,31/03/2022,E01495,bf05255f-243f-4e36-b81f-7828fca1ebab,25/02/2021,
6,31/03/2022,E00202,71805088-7656-4507-99b7-fdb3d3598d87,17/04/2021,
6,31/03/2022,E00817,3d17807a-db6a-493d-9296-1ad79f395369,24/04/2021,
6,31/03/2022,E00037,c325bdb4-23b2-42f4-a843-6bb758e1873e,02/04/2021,
6,31/03/2022,E00570,8b8d8579-e143-485c-8197-2d86170d0010,09/05/2021,
6,31/03/2022,E00145,b8f71620-d6c2-494f-84c4-2c728072fc7a,19/05/2021,
6,31/03/2022,E00416,1646247a-56b3-4fe4-b54f-9e367ca967c4,26/05/2021,
6,31/03/2022,E00559,7a81243a-0aa6-4072-bb10-b1d8cb3fadd3,26/07/2021,
6,31/03/2022,E00695,a279e3ad-b30d-4968-adfb-2fdc0313a73c,29/07/2021,
6,31/03/2022,E00645,bf6d8641-b138-41d4-a38d-23c389e07f9e,14/08/2021,
6,31/03/2022,E00966,d6d3b31c-37ae-46d9-b5f7-257fb2691b33,04/08/2021,
6,31/03/2022,E00322,d4f75996-a229-493c-a1f5-6112928e6b5a,15/09/2021,
6,31/03/2022,E00186,3bce5b45-b6de-4e03-96bf-784d7795f74d,16/09/2021,
6,31/03/2022,E00724,dc80311a-8fdf-4dc4-8d5c-492ea6d153d2,10/10/2021,
6,31/03/2022,E01414,e08f37dc-1612-4c1b-90f0-6b450f62732a,23/10/2021,
6,31/03/2022,E01431,734991a5-9921-4b47-bccc-c36e06927e59,29/10/2021,
6,31/03/2022,E01291,4d5ff8a9-2ef0-4d32-8a18-32ba86cd58f0,06/10/2021,
6,31/03/2022,E00348,7a59a6e5-55cc-476d-aee1-b5b39e69ee23,28/11/2021,
6,31/03/2022,E01053,bcdc3569-d8c2-46ab-9de0-36f79237e22d,01/11/2021,
6,31/03/2022,E00090,84325321-d190-417c-86b1-00fe69bd1386,26/11/2021,
6,31/03/2022,E00910,835b275b-6e3d-4807-8991-9c3c97885c2a,27/01/2022,
6,31/03/2022,E00223,c4f1c3cc-04ab-44b3-af22-59675acfee52,27/01/2022,
6,31/03/2022,E00508,5565d41f-128e-4dc9-8bdd-8a5d70cbb48e,01/01/2022,
6,31/03/2022,E00544,954cdc6c-2918-45cf-aad8-7ec5010e8395,15/01/2022,
6,31/03/2022,E00956,93e2374c-533e-4b57-9fe2-b6a2db64cbc8,13/01/2022,
6,31/03/2022,E00907,157b97c4-504f-4c3c-83b5-5b2e8f9edca3,26/01/2022,
6,31/03/2022,E00965,b21406f2-2cd4-479c-85da-326eecd9983e,26/02/2022,
6,31/03/2022,E01106,41d575d6-665e-4f15-8117-0dcbe18d20e4,07/02/2022,
6,31/03/2022,E01092,4319e9e2-4e3c-4670-bdd2-a68fb3a11ecc,20/02/2022,
6,31/03/2022,E00919,2ca6d915-70a7-4bd3-8ee8-3747ab77dc5f,28/02/2022,
6,31/03/2022,E00242,c390761b-704c-469e-bae5-bebba737cd1b,12/02/2022,21/03/2022
6,31/03/2022,E00823,264fbce6-03c8-49fb-826d-bab4cecce3d4,01/03/2022,
6,31/03/2022,E01091,2cb9bff2-b2d5-48fc-92b5-bb6931c8553f,12/03/2022,
6,31/03/2022,E00478,c2f53247-4446-4d6e-8e36-ebb5c103b7f8,07/03/2022,
6,31/03/2022,E00178,ae54a114-518d-46df-9ecd-66e42012fd07,24/03/2022,
6,31/03/2022,E01224,118f6ddc-f9f6-4b41-9d01-494403ced978,10/03/2022,
6,30/04/2022,E01484,751faa49-8b4a-4832-83d3-8e347fba3080,18/11/2019,
6,30/04/2022,E00872,dfb75e30-e218-4919-a93e-396d60f3d97e,19/11/2019,
6,30/04/2022,E01423,7b649d2d-b337-4e56-a948-b9fa147a2bff,14/11/2019,
6,30/04/2022,E01233,2e6a80f3-4653-4a2a-a995-81abcad9f79e,02/11/2019,
6,30/04/2022,E00558,47ef24e1-67b3-4e61-8ee5-d1ee8b57f61b,13/01/2020,
6,30/04/2022,E01043,ea005c4d-3315-402e-b5b3-2adb6200bbe5,22/04/2020,
6,30/04/2022,E01389,3d32fca2-0292-42c2-a711-ce242e2a4cdc,09/05/2020,
6,30/04/2022,E00071,f8cbda5b-81ed-40ac-919f-43b57115ade6,03/09/2020,
6,30/04/2022,E00940,6e1fe8b6-be1c-4359-94f6-277adee464b6,13/10/2020,
3,30/04/2022,E01419,823b9561-cc8b-4aee-8ecb-042b1392c3af,01/03/2022,
6,30/04/2022,E01495,bf05255f-243f-4e36-b81f-7828fca1ebab,25/02/2021,
6,30/04/2022,E00202,71805088-7656-4507-99b7-fdb3d3598d87,17/04/2021,
6,30/04/2022,E00817,3d17807a-db6a-493d-9296-1ad79f395369,24/04/2021,
6,30/04/2022,E00037,c325bdb4-23b2-42f4-a843-6bb758e1873e,02/04/2021,
6,30/04/2022,E00570,8b8d8579-e143-485c-8197-2d86170d0010,09/05/2021,
6,30/04/2022,E00145,b8f71620-d6c2-494f-84c4-2c728072fc7a,19/05/2021,
6,30/04/2022,E00416,1646247a-56b3-4fe4-b54f-9e367ca967c4,26/05/2021,
6,30/04/2022,E00559,7a81243a-0aa6-4072-bb10-b1d8cb3fadd3,26/07/2021,
6,30/04/2022,E00695,a279e3ad-b30d-4968-adfb-2fdc0313a73c,29/07/2021,
6,30/04/2022,E00645,bf6d8641-b138-41d4-a38d-23c389e07f9e,14/08/2021,
6,30/04/2022,E00966,d6d3b31c-37ae-46d9-b5f7-257fb2691b33,04/08/2021,
6,30/04/2022,E00322,d4f75996-a229-493c-a1f5-6112928e6b5a,15/09/2021,14/04/2022
6,30/04/2022,E00186,3bce5b45-b6de-4e03-96bf-784d7795f74d,16/09/2021,
6,30/04/2022,E00724,dc80311a-8fdf-4dc4-8d5c-492ea6d153d2,10/10/2021,
6,30/04/2022,E01414,e08f37dc-1612-4c1b-90f0-6b450f62732a,23/10/2021,
6,30/04/2022,E01431,734991a5-9921-4b47-bccc-c36e06927e59,29/10/2021,
6,30/04/2022,E01291,4d5ff8a9-2ef0-4d32-8a18-32ba86cd58f0,06/10/2021,
6,30/04/2022,E00348,7a59a6e5-55cc-476d-aee1-b5b39e69ee23,28/11/2021,
6,30/04/2022,E01053,bcdc3569-d8c2-46ab-9de0-36f79237e22d,01/11/2021,
6,30/04/2022,E00090,84325321-d190-417c-86b1-00fe69bd1386,26/11/2021,
6,30/04/2022,E00910,835b275b-6e3d-4807-8991-9c3c97885c2a,27/01/2022,
6,30/04/2022,E00223,c4f1c3cc-04ab-44b3-af22-59675acfee52,27/01/2022,
6,30/04/2022,E00508,5565d41f-128e-4dc9-8bdd-8a5d70cbb48e,01/01/2022,08/04/2022
6,30/04/2022,E00544,954cdc6c-2918-45cf-aad8-7ec5010e8395,15/01/2022,
6,30/04/2022,E00956,93e2374c-533e-4b57-9fe2-b6a2db64cbc8,13/01/2022,
6,30/04/2022,E00907,157b97c4-504f-4c3c-83b5-5b2e8f9edca3,26/01/2022,
6,30/04/2022,E00965,b21406f2-2cd4-479c-85da-326eecd9983e,26/02/2022,
6,30/04/2022,E01106,41d575d6-665e-4f15-8117-0dcbe18d20e4,07/02/2022,
6,30/04/2022,E01092,4319e9e2-4e3c-4670-bdd2-a68fb3a11ecc,20/02/2022,
6,30/04/2022,E00919,2ca6d915-70a7-4bd3-8ee8-3747ab77dc5f,28/02/2022,26/04/2022
6,30/04/2022,E00823,264fbce6-03c8-49fb-826d-bab4cecce3d4,01/03/2022,
6,30/04/2022,E01091,2cb9bff2-b2d5-48fc-92b5-bb6931c8553f,12/03/2022,
6,30/04/2022,E00478,c2f53247-4446-4d6e-8e36-ebb5c103b7f8,07/03/2022,
6,30/04/2022,E00178,ae54a114-518d-46df-9ecd-66e42012fd07,24/03/2022,
6,30/04/2022,E01224,118f6ddc-f9f6-4b41-9d01-494403ced978,10/03/2022,
6,30/04/2022,E01286,ba14ff0e-9df7-448c-9faf-4f3857d5fb76,01/04/2022,
6,30/04/2022,E01299,595c8038-2787-4eb8-9d7c-926977a3f194,01/04/2022,
6,30/04/2022,E01065,b49981cc-6a9d-415d-8add-aa5396c0d7ee,26/04/2022,
6,30/04/2022,E00138,a505bb6a-8a39-4b32-b32e-1383334126c5,13/04/2022,
6,30/04/2022,E00863,afa0cb22-5e7b-4fbb-b231-b3a1c75d4804,18/04/2022,
6,30/04/2022,E00258,b2ba8289-3f7f-4c5b-bb12-5377896c28dc,27/04/2022,
6,30/04/2022,E00560,cb48c8b7-15fc-446d-9b7c-0d469a6b666d,10/04/2022,
6,30/04/2022,E00330,f113d215-a6f1-41a7-b206-3a4a3a4fcf85,01/04/2022,
6,31/05/2022,E01484,751faa49-8b4a-4832-83d3-8e347fba3080,18/11/2019,
6,31/05/2022,E00872,dfb75e30-e218-4919-a93e-396d60f3d97e,19/11/2019,
6,31/05/2022,E01423,7b649d2d-b337-4e56-a948-b9fa147a2bff,14/11/2019,
6,31/05/2022,E01233,2e6a80f3-4653-4a2a-a995-81abcad9f79e,02/11/2019,
6,31/05/2022,E00558,47ef24e1-67b3-4e61-8ee5-d1ee8b57f61b,13/01/2020,
6,31/05/2022,E01043,ea005c4d-3315-402e-b5b3-2adb6200bbe5,22/04/2020,
6,31/05/2022,E01389,3d32fca2-0292-42c2-a711-ce242e2a4cdc,09/05/2020,
6,31/05/2022,E00071,f8cbda5b-81ed-40ac-919f-43b57115ade6,03/09/2020,
6,31/05/2022,E00940,6e1fe8b6-be1c-4359-94f6-277adee464b6,13/10/2020,
3,31/05/2022,E01419,823b9561-cc8b-4aee-8ecb-042b1392c3af,01/03/2022,28/05/2022
6,31/05/2022,E01495,bf05255f-243f-4e36-b81f-7828fca1ebab,25/02/2021,
6,31/05/2022,E00202,71805088-7656-4507-99b7-fdb3d3598d87,17/04/2021,
6,31/05/2022,E00817,3d17807a-db6a-493d-9296-1ad79f395369,24/04/2021,
6,31/05/2022,E00037,c325bdb4-23b2-42f4-a843-6bb758e1873e,02/04/2021,
6,31/05/2022,E00570,8b8d8579-e143-485c-8197-2d86170d0010,09/05/2021,
6,31/05/2022,E00145,b8f71620-d6c2-494f-84c4-2c728072fc7a,19/05/2021,
6,31/05/2022,E00416,1646247a-56b3-4fe4-b54f-9e367ca967c4,26/05/2021,
6,31/05/2022,E00559,7a81243a-0aa6-4072-bb10-b1d8cb3fadd3,26/07/2021,
6,31/05/2022,E00695,a279e3ad-b30d-4968-adfb-2fdc0313a73c,29/07/2021,
6,31/05/2022,E00645,bf6d8641-b138-41d4-a38d-23c389e07f9e,14/08/2021,
6,31/05/2022,E00966,d6d3b31c-37ae-46d9-b5f7-257fb2691b33,04/08/2021,
6,31/05/2022,E00186,3bce5b45-b6de-4e03-96bf-784d7795f74d,16/09/2021,
6,31/05/2022,E00724,dc80311a-8fdf-4dc4-8d5c-492ea6d153d2,10/10/2021,
6,31/05/2022,E01414,e08f37dc-1612-4c1b-90f0-6b450f62732a,23/10/2021,
6,31/05/2022,E01431,734991a5-9921-4b47-bccc-c36e06927e59,29/10/2021,
6,31/05/2022,E01291,4d5ff8a9-2ef0-4d32-8a18-32ba86cd58f0,06/10/2021,
6,31/05/2022,E00348,7a59a6e5-55cc-476d-aee1-b5b39e69ee23,28/11/2021,
6,31/05/2022,E01053,bcdc3569-d8c2-46ab-9de0-36f79237e22d,01/11/2021,
6,31/05/2022,E00090,84325321-d190-417c-86b1-00fe69bd1386,26/11/2021,
6,31/05/2022,E00910,835b275b-6e3d-4807-8991-9c3c97885c2a,27/01/2022,
6,31/05/2022,E00223,c4f1c3cc-04ab-44b3-af22-59675acfee52,27/01/2022,
6,31/05/2022,E00544,954cdc6c-2918-45cf-aad8-7ec5010e8395,15/01/2022,
6,31/05/2022,E00956,93e2374c-533e-4b57-9fe2-b6a2db64cbc8,13/01/2022,01/05/2022
6,31/05/2022,E00907,157b97c4-504f-4c3c-83b5-5b2e8f9edca3,26/01/2022,
6,31/05/2022,E00965,b21406f2-2cd4-479c-85da-326eecd9983e,26/02/2022,
6,31/05/2022,E01106,41d575d6-665e-4f15-8117-0dcbe18d20e4,07/02/2022,
6,31/05/2022,E01092,4319e9e2-4e3c-4670-bdd2-a68fb3a11ecc,20/02/2022,
6,31/05/2022,E00823,264fbce6-03c8-49fb-826d-bab4cecce3d4,01/03/2022,
6,31/05/2022,E01091,2cb9bff2-b2d5-48fc-92b5-bb6931c8553f,12/03/2022,
6,31/05/2022,E00478,c2f53247-4446-4d6e-8e36-ebb5c103b7f8,07/03/2022,
6,31/05/2022,E00178,ae54a114-518d-46df-9ecd-66e42012fd07,24/03/2022,
6,31/05/2022,E01224,118f6ddc-f9f6-4b41-9d01-494403ced978,10/03/2022,
6,31/05/2022,E01286,ba14ff0e-9df7-448c-9faf-4f3857d5fb76,01/04/2022,
6,31/05/2022,E01299,595c8038-2787-4eb8-9d7c-926977a3f194,01/04/2022,
6,31/05/2022,E01065,b49981cc-6a9d-415d-8add-aa5396c0d7ee,26/04/2022,
6,31/05/2022,E00138,a505bb6a-8a39-4b32-b32e-1383334126c5,13/04/2022,
6,31/05/2022,E00863,afa0cb22-5e7b-4fbb-b231-b3a1c75d4804,18/04/2022,
6,31/05/2022,E00258,b2ba8289-3f7f-4c5b-bb12-5377896c28dc,27/04/2022,
6,31/05/2022,E00560,cb48c8b7-15fc-446d-9b7c-0d469a6b666d,10/04/2022,
6,31/05/2022,E00330,f113d215-a6f1-41a7-b206-3a4a3a4fcf85,01/04/2022,
6,31/05/2022,E00481,7ad7fbd6-644e-4199-ab6f-60355633c50d,28/05/2022,
6,31/05/2022,E00870,05a45fd6-788b-45f4-8420-6658348f49ba,05/05/2022,
6,31/05/2022,E00092,695b3dd1-bdde-4a30-811e-452f09b0bd15,01/05/2022,
6,31/05/2022,E00132,d0696203-e504-494c-ad87-37d27bc7e342,29/05/2022,
6,31/05/2022,E00403,73325da1-623c-49ab-9f7b-e2b2c5050fa6,06/05/2022,
6,31/05/2022,E00627,7acdfa00-433e-4e38-b749-e2b6a8c821a9,05/05/2022,
6,31/05/2022,E01243,30605230-7200-41e2-bb6b-44fa323c2c26,16/05/2022,
6,30/06/2022,E01484,751faa49-8b4a-4832-83d3-8e347fba3080,18/11/2019,
6,30/06/2022,E00872,dfb75e30-e218-4919-a93e-396d60f3d97e,19/11/2019,
6,30/06/2022,E01423,7b649d2d-b337-4e56-a948-b9fa147a2bff,14/11/2019,
6,30/06/2022,E01233,2e6a80f3-4653-4a2a-a995-81abcad9f79e,02/11/2019,
6,30/06/2022,E00558,47ef24e1-67b3-4e61-8ee5-d1ee8b57f61b,13/01/2020,
6,30/06/2022,E01043,ea005c4d-3315-402e-b5b3-2adb6200bbe5,22/04/2020,
6,30/06/2022,E01389,3d32fca2-0292-42c2-a711-ce242e2a4cdc,09/05/2020,
6,30/06/2022,E00071,f8cbda5b-81ed-40ac-919f-43b57115ade6,03/09/2020,
6,30/06/2022,E00940,6e1fe8b6-be1c-4359-94f6-277adee464b6,13/10/2020,
6,30/06/2022,E01495,bf05255f-243f-4e36-b81f-7828fca1ebab,25/02/2021,
6,30/06/2022,E00202,71805088-7656-4507-99b7-fdb3d3598d87,17/04/2021,
6,30/06/2022,E00817,3d17807a-db6a-493d-9296-1ad79f395369,24/04/2021,
6,30/06/2022,E00037,c325bdb4-23b2-42f4-a843-6bb758e1873e,02/04/2021,
6,30/06/2022,E00570,8b8d8579-e143-485c-8197-2d86170d0010,09/05/2021,
6,30/06/2022,E00145,b8f71620-d6c2-494f-84c4-2c728072fc7a,19/05/2021,
6,30/06/2022,E00416,1646247a-56b3-4fe4-b54f-9e367ca967c4,26/05/2021,
6,30/06/2022,E00559,7a81243a-0aa6-4072-bb10-b1d8cb3fadd3,26/07/2021,
6,30/06/2022,E00695,a279e3ad-b30d-4968-adfb-2fdc0313a73c,29/07/2021,
6,30/06/2022,E00645,bf6d8641-b138-41d4-a38d-23c389e07f9e,14/08/2021,
6,30/06/2022,E00966,d6d3b31c-37ae-46d9-b5f7-257fb2691b33,04/08/2021,
6,30/06/2022,E00186,3bce5b45-b6de-4e03-96bf-784d7795f74d,16/09/2021,
6,30/06/2022,E00724,dc80311a-8fdf-4dc4-8d5c-492ea6d153d2,10/10/2021,17/06/2022
6,30/06/2022,E01414,e08f37dc-1612-4c1b-90f0-6b450f62732a,23/10/2021,
6,30/06/2022,E01431,734991a5-9921-4b47-bccc-c36e06927e59,29/10/2021,
6,30/06/2022,E01291,4d5ff8a9-2ef0-4d32-8a18-32ba86cd58f0,06/10/2021,
6,30/06/2022,E00348,7a59a6e5-55cc-476d-aee1-b5b39e69ee23,28/11/2021,
6,30/06/2022,E01053,bcdc3569-d8c2-46ab-9de0-36f79237e22d,01/11/2021,
6,30/06/2022,E00090,84325321-d190-417c-86b1-00fe69bd1386,26/11/2021,25/06/2022
6,30/06/2022,E00910,835b275b-6e3d-4807-8991-9c3c97885c2a,27/01/2022,
6,30/06/2022,E00223,c4f1c3cc-04ab-44b3-af22-59675acfee52,27/01/2022,
6,30/06/2022,E00544,954cdc6c-2918-45cf-aad8-7ec5010e8395,15/01/2022,
6,30/06/2022,E00907,157b97c4-504f-4c3c-83b5-5b2e8f9edca3,26/01/2022,09/06/2022
6,30/06/2022,E00965,b21406f2-2cd4-479c-85da-326eecd9983e,26/02/2022,
6,30/06/2022,E01106,41d575d6-665e-4f15-8117-0dcbe18d20e4,07/02/2022,
6,30/06/2022,E01092,4319e9e2-4e3c-4670-bdd2-a68fb3a11ecc,20/02/2022,
6,30/06/2022,E00823,264fbce6-03c8-49fb-826d-bab4cecce3d4,01/03/2022,
6,30/06/2022,E01091,2cb9bff2-b2d5-48fc-92b5-bb6931c8553f,12/03/2022,
6,30/06/2022,E00478,c2f53247-4446-4d6e-8e36-ebb5c103b7f8,07/03/2022,
6,30/06/2022,E00178,ae54a114-518d-46df-9ecd-66e42012fd07,24/03/2022,
6,30/06/2022,E01224,118f6ddc-f9f6-4b41-9d01-494403ced978,10/03/2022,
6,30/06/2022,E01286,ba14ff0e-9df7-448c-9faf-4f3857d5fb76,01/04/2022,
6,30/06/2022,E01299,595c8038-2787-4eb8-9d7c-926977a3f194,01/04/2022,
6,30/06/2022,E01065,b49981cc-6a9d-415d-8add-aa5396c0d7ee,26/04/2022,
6,30/06/2022,E00138,a505bb6a-8a39-4b32-b32e-1383334126c5,13/04/2022,
6,30/06/2022,E00863,afa0cb22-5e7b-4fbb-b231-b3a1c75d4804,18/04/2022,
6,30/06/2022,E00258,b2ba8289-3f7f-4c5b-bb12-5377896c28dc,27/04/2022,
6,30/06/2022,E00560,cb48c8b7-15fc-446d-9b7c-0d469a6b666d,10/04/2022,
6,30/06/2022,E00330,f113d215-a6f1-41a7-b206-3a4a3a4fcf85,01/04/2022,
6,30/06/2022,E00481,7ad7fbd6-644e-4199-ab6f-60355633c50d,28/05/2022,
6,30/06/2022,E00870,05a45fd6-788b-45f4-8420-6658348f49ba,05/05/2022,
6,30/06/2022,E00092,695b3dd1-bdde-4a30-811e-452f09b0bd15,01/05/2022,
6,30/06/2022,E00132,d0696203-e504-494c-ad87-37d27bc7e342,29/05/2022,
6,30/06/2022,E00403,73325da1-623c-49ab-9f7b-e2b2c5050fa6,06/05/2022,
6,30/06/2022,E00627,7acdfa00-433e-4e38-b749-e2b6a8c821a9,05/05/2022,
6,30/06/2022,E01243,30605230-7200-41e2-bb6b-44fa323c2c26,16/05/2022,
6,30/06/2022,E00404,3f99150d-7fc5-4697-8afd-82309e9515fd,20/06/2022,
6,30/06/2022,E00358,183d93f5-0c02-41be-a1bc-02501af6ec72,12/06/2022,
6,30/06/2022,E00903,b845ff66-0107-4ca0-a8c7-87d48573d0d1,11/06/2022,
6,31/07/2022,E01484,751faa49-8b4a-4832-83d3-8e347fba3080,18/11/2019,
6,31/07/2022,E00872,dfb75e30-e218-4919-a93e-396d60f3d97e,19/11/2019,
6,31/07/2022,E01423,7b649d2d-b337-4e56-a948-b9fa147a2bff,14/11/2019,
6,31/07/2022,E01233,2e6a80f3-4653-4a2a-a995-81abcad9f79e,02/11/2019,28/07/2022
6,31/07/2022,E00558,47ef24e1-67b3-4e61-8ee5-d1ee8b57f61b,13/01/2020,
6,31/07/2022,E01043,ea005c4d-3315-402e-b5b3-2adb6200bbe5,22/04/2020,
6,31/07/2022,E01389,3d32fca2-0292-42c2-a711-ce242e2a4cdc,09/05/2020,
6,31/07/2022,E00071,f8cbda5b-81ed-40ac-919f-43b57115ade6,03/09/2020,
6,31/07/2022,E00940,6e1fe8b6-be1c-4359-94f6-277adee464b6,13/10/2020,
6,31/07/2022,E01495,bf05255f-243f-4e36-b81f-7828fca1ebab,25/02/2021,18/07/2022
6,31/07/2022,E00202,71805088-7656-4507-99b7-fdb3d3598d87,17/04/2021,
6,31/07/2022,E00817,3d17807a-db6a-493d-9296-1ad79f395369,24/04/2021,
6,31/07/2022,E00037,c325bdb4-23b2-42f4-a843-6bb758e1873e,02/04/2021,
6,31/07/2022,E00570,8b8d8579-e143-485c-8197-2d86170d0010,09/05/2021,
6,31/07/2022,E00145,b8f71620-d6c2-494f-84c4-2c728072fc7a,19/05/2021,
6,31/07/2022,E00416,1646247a-56b3-4fe4-b54f-9e367ca967c4,26/05/2021,01/07/2022
6,31/07/2022,E00559,7a81243a-0aa6-4072-bb10-b1d8cb3fadd3,26/07/2021,
6,31/07/2022,E00695,a279e3ad-b30d-4968-adfb-2fdc0313a73c,29/07/2021,
6,31/07/2022,E00645,bf6d8641-b138-41d4-a38d-23c389e07f9e,14/08/2021,
6,31/07/2022,E00966,d6d3b31c-37ae-46d9-b5f7-257fb2691b33,04/08/2021,
6,31/07/2022,E00186,3bce5b45-b6de-4e03-96bf-784d7795f74d,16/09/2021,
6,31/07/2022,E01414,e08f37dc-1612-4c1b-90f0-6b450f62732a,23/10/2021,
6,31/07/2022,E01431,734991a5-9921-4b47-bccc-c36e06927e59,29/10/2021,
6,31/07/2022,E01291,4d5ff8a9-2ef0-4d32-8a18-32ba86cd58f0,06/10/2021,
6,31/07/2022,E00348,7a59a6e5-55cc-476d-aee1-b5b39e69ee23,28/11/2021,
6,31/07/2022,E01053,bcdc3569-d8c2-46ab-9de0-36f79237e22d,01/11/2021,
6,31/07/2022,E00910,835b275b-6e3d-4807-8991-9c3c97885c2a,27/01/2022,
6,31/07/2022,E00223,c4f1c3cc-04ab-44b3-af22-59675acfee52,27/01/2022,
6,31/07/2022,E00544,954cdc6c-2918-45cf-aad8-7ec5010e8395,15/01/2022,
6,31/07/2022,E00965,b21406f2-2cd4-479c-85da-326eecd9983e,26/02/2022,
6,31/07/2022,E01106,41d575d6-665e-4f15-8117-0dcbe18d20e4,07/02/2022,
6,31/07/2022,E01092,4319e9e2-4e3c-4670-bdd2-a68fb3a11ecc,20/02/2022,
6,31/07/2022,E00823,264fbce6-03c8-49fb-826d-bab4cecce3d4,01/03/2022,
6,31/07/2022,E01091,2cb9bff2-b2d5-48fc-92b5-bb6931c8553f,12/03/2022,
6,31/07/2022,E00478,c2f53247-4446-4d6e-8e36-ebb5c103b7f8,07/03/2022,
6,31/07/2022,E00178,ae54a114-518d-46df-9ecd-66e42012fd07,24/03/2022,
6,31/07/2022,E01224,118f6ddc-f9f6-4b41-9d01-494403ced978,10/03/2022,
6,31/07/2022,E01286,ba14ff0e-9df7-448c-9faf-4f3857d5fb76,01/04/2022,
6,31/07/2022,E01299,595c8038-2787-4eb8-9d7c-926977a3f194,01/04/2022,
6,31/07/2022,E01065,b49981cc-6a9d-415d-8add-aa5396c0d7ee,26/04/2022,
6,31/07/2022,E00138,a505bb6a-8a39-4b32-b32e-1383334126c5,13/04/2022,
6,31/07/2022,E00863,afa0cb22-5e7b-4fbb-b231-b3a1c75d4804,18/04/2022,
6,31/07/2022,E00258,b2ba8289-3f7f-4c5b-bb12-5377896c28dc,27/04/2022,
6,31/07/2022,E00560,cb48c8b7-15fc-446d-9b7c-0d469a6b666d,10/04/2022,
6,31/07/2022,E00330,f113d215-a6f1-41a7-b206-3a4a3a4fcf85,01/04/2022,
6,31/07/2022,E00481,7ad7fbd6-644e-4199-ab6f-60355633c50d,28/05/2022,
6,31/07/2022,E00870,05a45fd6-788b-45f4-8420-6658348f49ba,05/05/2022,
6,31/07/2022,E00092,695b3dd1-bdde-4a30-811e-452f09b0bd15,01/05/2022,
6,31/07/2022,E00132,d0696203-e504-494c-ad87-37d27bc7e342,29/05/2022,
6,31/07/2022,E00403,73325da1-623c-49ab-9f7b-e2b2c5050fa6,06/05/2022,
6,31/07/2022,E00627,7acdfa00-433e-4e38-b749-e2b6a8c821a9,05/05/2022,
6,31/07/2022,E01243,30605230-7200-41e2-bb6b-44fa323c2c26,16/05/2022,
6,31/07/2022,E00404,3f99150d-7fc5-4697-8afd-82309e9515fd,20/06/2022,
6,31/07/2022,E00358,183d93f5-0c02-41be-a1bc-02501af6ec72,12/06/2022,
6,31/07/2022,E00903,b845ff66-0107-4ca0-a8c7-87d48573d0d1,11/06/2022,
6,31/08/2022,E01484,751faa49-8b4a-4832-83d3-8e347fba3080,18/11/2019,
6,31/08/2022,E00872,dfb75e30-e218-4919-a93e-396d60f3d97e,19/11/2019,
6,31/08/2022,E01423,7b649d2d-b337-4e56-a948-b9fa147a2bff,14/11/2019,
6,31/08/2022,E00558,47ef24e1-67b3-4e61-8ee5-d1ee8b57f61b,13/01/2020,
6,31/08/2022,E01043,ea005c4d-3315-402e-b5b3-2adb6200bbe5,22/04/2020,
6,31/08/2022,E01389,3d32fca2-0292-42c2-a711-ce242e2a4cdc,09/05/2020,
6,31/08/2022,E00071,f8cbda5b-81ed-40ac-919f-43b57115ade6,03/09/2020,
6,31/08/2022,E00940,6e1fe8b6-be1c-4359-94f6-277adee464b6,13/10/2020,
6,31/08/2022,E00202,71805088-7656-4507-99b7-fdb3d3598d87,17/04/2021,
6,31/08/2022,E00817,3d17807a-db6a-493d-9296-1ad79f395369,24/04/2021,
6,31/08/2022,E00037,c325bdb4-23b2-42f4-a843-6bb758e1873e,02/04/2021,29/08/2022
6,31/08/2022,E00570,8b8d8579-e143-485c-8197-2d86170d0010,09/05/2021,
6,31/08/2022,E00145,b8f71620-d6c2-494f-84c4-2c728072fc7a,19/05/2021,
6,31/08/2022,E00559,7a81243a-0aa6-4072-bb10-b1d8cb3fadd3,26/07/2021,
6,31/08/2022,E00695,a279e3ad-b30d-4968-adfb-2fdc0313a73c,29/07/2021,10/08/2022
6,31/08/2022,E00645,bf6d8641-b138-41d4-a38d-23c389e07f9e,14/08/2021,
6,31/08/2022,E00966,d6d3b31c-37ae-46d9-b5f7-257fb2691b33,04/08/2021,
6,31/08/2022,E00186,3bce5b45-b6de-4e03-96bf-784d7795f74d,16/09/2021,
6,31/08/2022,E01414,e08f37dc-1612-4c1b-90f0-6b450f62732a,23/10/2021,06/08/2022
6,31/08/2022,E01431,734991a5-9921-4b47-bccc-c36e06927e59,29/10/2021,
6,31/08/2022,E01291,4d5ff8a9-2ef0-4d32-8a18-32ba86cd58f0,06/10/2021,
6,31/08/2022,E00348,7a59a6e5-55cc-476d-aee1-b5b39e69ee23,28/11/2021,
6,31/08/2022,E01053,bcdc3569-d8c2-46ab-9de0-36f79237e22d,01/11/2021,
6,31/08/2022,E00910,835b275b-6e3d-4807-8991-9c3c97885c2a,27/01/2022,
6,31/08/2022,E00223,c4f1c3cc-04ab-44b3-af22-59675acfee52,27/01/2022,
6,31/08/2022,E00544,954cdc6c-2918-45cf-aad8-7ec5010e8395,15/01/2022,
6,31/08/2022,E00965,b21406f2-2cd4-479c-85da-326eecd9983e,26/02/2022,
6,31/08/2022,E01106,41d575d6-665e-4f15-8117-0dcbe18d20e4,07/02/2022,
6,31/08/2022,E01092,4319e9e2-4e3c-4670-bdd2-a68fb3a11ecc,20/02/2022,
6,31/08/2022,E00823,264fbce6-03c8-49fb-826d-bab4cecce3d4,01/03/2022,
6,31/08/2022,E01091,2cb9bff2-b2d5-48fc-92b5-bb6931c8553f,12/03/2022,
6,31/08/2022,E00478,c2f53247-4446-4d6e-8e36-ebb5c103b7f8,07/03/2022,
6,31/08/2022,E00178,ae54a114-518d-46df-9ecd-66e42012fd07,24/03/2022,
6,31/08/2022,E01224,118f6ddc-f9f6-4b41-9d01-494403ced978,10/03/2022,
6,31/08/2022,E01286,ba14ff0e-9df7-448c-9faf-4f3857d5fb76,01/04/2022,
6,31/08/2022,E01299,595c8038-2787-4eb8-9d7c-926977a3f194,01/04/2022,
6,31/08/2022,E01065,b49981cc-6a9d-415d-8add-aa5396c0d7ee,26/04/2022,
6,31/08/2022,E00138,a505bb6a-8a39-4b32-b32e-1383334126c5,13/04/2022,
6,31/08/2022,E00863,afa0cb22-5e7b-4fbb-b231-b3a1c75d4804,18/04/2022,
6,31/08/2022,E00258,b2ba8289-3f7f-4c5b-bb12-5377896c28dc,27/04/2022,
6,31/08/2022,E00560,cb48c8b7-15fc-446d-9b7c-0d469a6b666d,10/04/2022,
6,31/08/2022,E00330,f113d215-a6f1-41a7-b206-3a4a3a4fcf85,01/04/2022,
6,31/08/2022,E00481,7ad7fbd6-644e-4199-ab6f-60355633c50d,28/05/2022,
6,31/08/2022,E00870,05a45fd6-788b-45f4-8420-6658348f49ba,05/05/2022,
6,31/08/2022,E00092,695b3dd1-bdde-4a30-811e-452f09b0bd15,01/05/2022,
6,31/08/2022,E00132,d0696203-e504-494c-ad87-37d27bc7e342,29/05/2022,
6,31/08/2022,E00403,73325da1-623c-49ab-9f7b-e2b2c5050fa6,06/05/2022,
6,31/08/2022,E00627,7acdfa00-433e-4e38-b749-e2b6a8c821a9,05/05/2022,
6,31/08/2022,E01243,30605230-7200-41e2-bb6b-44fa323c2c26,16/05/2022,
6,31/08/2022,E00404,3f99150d-7fc5-4697-8afd-82309e9515fd,20/06/2022,
6,31/08/2022,E00358,183d93f5-0c02-41be-a1bc-02501af6ec72,12/06/2022,
6,31/08/2022,E00903,b845ff66-0107-4ca0-a8c7-87d48573d0d1,11/06/2022,
6,31/08/2022,E01335,36a2c1a6-a779-4b96-a4fc-bd015b0f1af5,03/08/2022,
6,31/08/2022,E01171,04d215b6-7f4c-4138-8311-1277abdeae0f,06/08/2022,
6,31/08/2022,E00928,553376fc-3745-4c3e-98d0-27154f4ac8ae,16/08/2022,
6,31/08/2022,E01220,0aa8d755-9af3-494a-99ca-d66b3d46e8d3,21/08/2022,
6,30/09/2022,E01484,751faa49-8b4a-4832-83d3-8e347fba3080,18/11/2019,20/09/2022
6,30/09/2022,E00872,dfb75e30-e218-4919-a93e-396d60f3d97e,19/11/2019,
6,30/09/2022,E01423,7b649d2d-b337-4e56-a948-b9fa147a2bff,14/11/2019,
6,30/09/2022,E00558,47ef24e1-67b3-4e61-8ee5-d1ee8b57f61b,13/01/2020,
6,30/09/2022,E01043,ea005c4d-3315-402e-b5b3-2adb6200bbe5,22/04/2020,
6,30/09/2022,E01389,3d32fca2-0292-42c2-a711-ce242e2a4cdc,09/05/2020,
6,30/09/2022,E00071,f8cbda5b-81ed-40ac-919f-43b57115ade6,03/09/2020,
6,30/09/2022,E00940,6e1fe8b6-be1c-4359-94f6-277adee464b6,13/10/2020,
6,30/09/2022,E00202,71805088-7656-4507-99b7-fdb3d3598d87,17/04/2021,
6,30/09/2022,E00817,3d17807a-db6a-493d-9296-1ad79f395369,24/04/2021,
6,30/09/2022,E00570,8b8d8579-e143-485c-8197-2d86170d0010,09/05/2021,
6,30/09/2022,E00145,b8f71620-d6c2-494f-84c4-2c728072fc7a,19/05/2021,
6,30/09/2022,E00559,7a81243a-0aa6-4072-bb10-b1d8cb3fadd3,26/07/2021,
6,30/09/2022,E00645,bf6d8641-b138-41d4-a38d-23c389e07f9e,14/08/2021,
6,30/09/2022,E00966,d6d3b31c-37ae-46d9-b5f7-257fb2691b33,04/08/2021,
6,30/09/2022,E00186,3bce5b45-b6de-4e03-96bf-784d7795f74d,16/09/2021,13/09/2022
6,30/09/2022,E01431,734991a5-9921-4b47-bccc-c36e06927e59,29/10/2021,
6,30/09/2022,E01291,4d5ff8a9-2ef0-4d32-8a18-32ba86cd58f0,06/10/2021,
6,30/09/2022,E00348,7a59a6e5-55cc-476d-aee1-b5b39e69ee23,28/11/2021,
6,30/09/2022,E01053,bcdc3569-d8c2-46ab-9de0-36f79237e22d,01/11/2021,
6,30/09/2022,E00910,835b275b-6e3d-4807-8991-9c3c97885c2a,27/01/2022,
6,30/09/2022,E00223,c4f1c3cc-04ab-44b3-af22-59675acfee52,27/01/2022,
6,30/09/2022,E00544,954cdc6c-2918-45cf-aad8-7ec5010e8395,15/01/2022,
6,30/09/2022,E00965,b21406f2-2cd4-479c-85da-326eecd9983e,26/02/2022,
6,30/09/2022,E01106,41d575d6-665e-4f15-8117-0dcbe18d20e4,07/02/2022,08/09/2022
6,30/09/2022,E01092,4319e9e2-4e3c-4670-bdd2-a68fb3a11ecc,20/02/2022,
6,30/09/2022,E00823,264fbce6-03c8-49fb-826d-bab4cecce3d4,01/03/2022,
6,30/09/2022,E01091,2cb9bff2-b2d5-48fc-92b5-bb6931c8553f,12/03/2022,
6,30/09/2022,E00478,c2f53247-4446-4d6e-8e36-ebb5c103b7f8,07/03/2022,
6,30/09/2022,E00178,ae54a114-518d-46df-9ecd-66e42012fd07,24/03/2022,
6,30/09/2022,E01224,118f6ddc-f9f6-4b41-9d01-494403ced978,10/03/2022,
6,30/09/2022,E01286,ba14ff0e-9df7-448c-9faf-4f3857d5fb76,01/04/2022,
6,30/09/2022,E01299,595c8038-2787-4eb8-9d7c-926977a3f194,01/04/2022,
6,30/09/2022,E01065,b49981cc-6a9d-415d-8add-aa5396c0d7ee,26/04/2022,
6,30/09/2022,E00138,a505bb6a-8a39-4b32-b32e-1383334126c5,13/04/2022,
6,30/09/2022,E00863,afa0cb22-5e7b-4fbb-b231-b3a1c75d4804,18/04/2022,
6,30/09/2022,E00258,b2ba8289-3f7f-4c5b-bb12-5377896c28dc,27/04/2022,
6,30/09/2022,E00560,cb48c8b7-15fc-446d-9b7c-0d469a6b666d,10/04/2022,
6,30/09/2022,E00330,f113d215-a6f1-41a7-b206-3a4a3a4fcf85,01/04/2022,
6,30/09/2022,E00481,7ad7fbd6-644e-4199-ab6f-60355633c50d,28/05/2022,
6,30/09/2022,E00870,05a45fd6-788b-45f4-8420-6658348f49ba,05/05/2022,
6,30/09/2022,E00092,695b3dd1-bdde-4a30-811e-452f09b0bd15,01/05/2022,
6,30/09/2022,E00132,d0696203-e504-494c-ad87-37d27bc7e342,29/05/2022,
6,30/09/2022,E00403,73325da1-623c-49ab-9f7b-e2b2c5050fa6,06/05/2022,
6,30/09/2022,E00627,7acdfa00-433e-4e38-b749-e2b6a8c821a9,05/05/2022,
6,30/09/2022,E01243,30605230-7200-41e2-bb6b-44fa323c2c26,16/05/2022,
6,30/09/2022,E00404,3f99150d-7fc5-4697-8afd-82309e9515fd,20/06/2022,29/09/2022
6,30/09/2022,E00358,183d93f5-0c02-41be-a1bc-02501af6ec72,12/06/2022,
6,30/09/2022,E00903,b845ff66-0107-4ca0-a8c7-87d48573d0d1,11/06/2022,
6,30/09/2022,E01335,36a2c1a6-a779-4b96-a4fc-bd015b0f1af5,03/08/2022,
6,30/09/2022,E01171,04d215b6-7f4c-4138-8311-1277abdeae0f,06/08/2022,27/09/2022
6,30/09/2022,E00928,553376fc-3745-4c3e-98d0-27154f4ac8ae,16/08/2022,
6,30/09/2022,E01220,0aa8d755-9af3-494a-99ca-d66b3d46e8d3,21/08/2022,16/09/2022
6,31/10/2022,E00872,dfb75e30-e218-4919-a93e-396d60f3d97e,19/11/2019,
6,31/10/2022,E01423,7b649d2d-b337-4e56-a948-b9fa147a2bff,14/11/2019,
6,31/10/2022,E00558,47ef24e1-67b3-4e61-8ee5-d1ee8b57f61b,13/01/2020,
6,31/10/2022,E01043,ea005c4d-3315-402e-b5b3-2adb6200bbe5,22/04/2020,
6,31/10/2022,E01389,3d32fca2-0292-42c2-a711-ce242e2a4cdc,09/05/2020,
6,31/10/2022,E00071,f8cbda5b-81ed-40ac-919f-43b57115ade6,03/09/2020,
6,31/10/2022,E00940,6e1fe8b6-be1c-4359-94f6-277adee464b6,13/10/2020,
6,31/10/2022,E00202,71805088-7656-4507-99b7-fdb3d3598d87,17/04/2021,
6,31/10/2022,E00817,3d17807a-db6a-493d-9296-1ad79f395369,24/04/2021,
6,31/10/2022,E00570,8b8d8579-e143-485c-8197-2d86170d0010,09/05/2021,
6,31/10/2022,E00145,b8f71620-d6c2-494f-84c4-2c728072fc7a,19/05/2021,
6,31/10/2022,E00559,7a81243a-0aa6-4072-bb10-b1d8cb3fadd3,26/07/2021,
6,31/10/2022,E00645,bf6d8641-b138-41d4-a38d-23c389e07f9e,14/08/2021,
6,31/10/2022,E00966,d6d3b31c-37ae-46d9-b5f7-257fb2691b33,04/08/2021,
6,31/10/2022,E01431,734991a5-9921-4b47-bccc-c36e06927e59,29/10/2021,
6,31/10/2022,E01291,4d5ff8a9-2ef0-4d32-8a18-32ba86cd58f0,06/10/2021,
6,31/10/2022,E00348,7a59a6e5-55cc-476d-aee1-b5b39e69ee23,28/11/2021,
6,31/10/2022,E01053,bcdc3569-d8c2-46ab-9de0-36f79237e22d,01/11/2021,
6,31/10/2022,E00910,835b275b-6e3d-4807-8991-9c3c97885c2a,27/01/2022,
6,31/10/2022,E00223,c4f1c3cc-04ab-44b3-af22-59675acfee52,27/01/2022,
6,31/10/2022,E00544,954cdc6c-2918-45cf-aad8-7ec5010e8395,15/01/2022,
6,31/10/2022,E00965,b21406f2-2cd4-479c-85da-326eecd9983e,26/02/2022,
6,31/10/2022,E01092,4319e9e2-4e3c-4670-bdd2-a68fb3a11ecc,20/02/2022,06/10/2022
6,31/10/2022,E00823,264fbce6-03c8-49fb-826d-bab4cecce3d4,01/03/2022,
6,31/10/2022,E01091,2cb9bff2-b2d5-48fc-92b5-bb6931c8553f,12/03/2022,
6,31/10/2022,E00478,c2f53247-4446-4d6e-8e36-ebb5c103b7f8,07/03/2022,
6,31/10/2022,E00178,ae54a114-518d-46df-9ecd-66e42012fd07,24/03/2022,
6,31/10/2022,E01224,118f6ddc-f9f6-4b41-9d01-494403ced978,10/03/2022,
6,31/10/2022,E01286,ba14ff0e-9df7-448c-9faf-4f3857d5fb76,01/04/2022,
6,31/10/2022,E01299,595c8038-2787-4eb8-9d7c-926977a3f194,01/04/2022,
6,31/10/2022,E01065,b49981cc-6a9d-415d-8add-aa5396c0d7ee,26/04/2022,
6,31/10/2022,E00138,a505bb6a-8a39-4b32-b32e-1383334126c5,13/04/2022,
6,31/10/2022,E00863,afa0cb22-5e7b-4fbb-b231-b3a1c75d4804,18/04/2022,
6,31/10/2022,E00258,b2ba8289-3f7f-4c5b-bb12-5377896c28dc,27/04/2022,
6,31/10/2022,E00560,cb48c8b7-15fc-446d-9b7c-0d469a6b666d,10/04/2022,
6,31/10/2022,E00330,f113d215-a6f1-41a7-b206-3a4a3a4fcf85,01/04/2022,
6,31/10/2022,E00481,7ad7fbd6-644e-4199-ab6f-60355633c50d,28/05/2022,
6,31/10/2022,E00870,05a45fd6-788b-45f4-8420-6658348f49ba,05/05/2022,
6,31/10/2022,E00092,695b3dd1-bdde-4a30-811e-452f09b0bd15,01/05/2022,
6,31/10/2022,E00132,d0696203-e504-494c-ad87-37d27bc7e342,29/05/2022,
6,31/10/2022,E00403,73325da1-623c-49ab-9f7b-e2b2c5050fa6,06/05/2022,
6,31/10/2022,E00627,7acdfa00-433e-4e38-b749-e2b6a8c821a9,05/05/2022,
6,31/10/2022,E01243,30605230-7200-41e2-bb6b-44fa323c2c26,16/05/2022,
2,31/10/2022,E00404,3f99150d-7fc5-4697-8afd-82309e9515fd,07/10/2022,
6,31/10/2022,E00358,183d93f5-0c02-41be-a1bc-02501af6ec72,12/06/2022,23/10/2022
6,31/10/2022,E00903,b845ff66-0107-4ca0-a8c7-87d48573d0d1,11/06/2022,
6,31/10/2022,E01335,36a2c1a6-a779-4b96-a4fc-bd015b0f1af5,03/08/2022,12/10/2022
6,31/10/2022,E00928,553376fc-3745-4c3e-98d0-27154f4ac8ae,16/08/2022,
6,30/11/2022,E00872,dfb75e30-e218-4919-a93e-396d60f3d97e,19/11/2019,
6,30/11/2022,E01423,7b649d2d-b337-4e56-a948-b9fa147a2bff,14/11/2019,
6,30/11/2022,E00558,47ef24e1-67b3-4e61-8ee5-d1ee8b57f61b,13/01/2020,
6,30/11/2022,E01043,ea005c4d-3315-402e-b5b3-2adb6200bbe5,22/04/2020,
6,30/11/2022,E01389,3d32fca2-0292-42c2-a711-ce242e2a4cdc,09/05/2020,
6,30/11/2022,E00071,f8cbda5b-81ed-40ac-919f-43b57115ade6,03/09/2020,
6,30/11/2022,E00940,6e1fe8b6-be1c-4359-94f6-277adee464b6,13/10/2020,
6,30/11/2022,E00202,71805088-7656-4507-99b7-fdb3d3598d87,17/04/2021,
6,30/11/2022,E00817,3d17807a-db6a-493d-9296-1ad79f395369,24/04/2021,
6,30/11/2022,E00570,8b8d8579-e143-485c-8197-2d86170d0010,09/05/2021,
6,30/11/2022,E00145,b8f71620-d6c2-494f-84c4-2c728072fc7a,19/05/2021,
6,30/11/2022,E00559,7a81243a-0aa6-4072-bb10-b1d8cb3fadd3,26/07/2021,
6,30/11/2022,E00645,bf6d8641-b138-41d4-a38d-23c389e07f9e,14/08/2021,
6,30/11/2022,E00966,d6d3b31c-37ae-46d9-b5f7-257fb2691b33,04/08/2021,
6,30/11/2022,E01431,734991a5-9921-4b47-bccc-c36e06927e59,29/10/2021,
6,30/11/2022,E01291,4d5ff8a9-2ef0-4d32-8a18-32ba86cd58f0,06/10/2021,
6,30/11/2022,E00348,7a59a6e5-55cc-476d-aee1-b5b39e69ee23,28/11/2021,
6,30/11/2022,E01053,bcdc3569-d8c2-46ab-9de0-36f79237e22d,01/11/2021,
6,30/11/2022,E00910,835b275b-6e3d-4807-8991-9c3c97885c2a,27/01/2022,
6,30/11/2022,E00223,c4f1c3cc-04ab-44b3-af22-59675acfee52,27/01/2022,
6,30/11/2022,E00544,954cdc6c-2918-45cf-aad8-7ec5010e8395,15/01/2022,26/11/2022
6,30/11/2022,E00965,b21406f2-2cd4-479c-85da-326eecd9983e,26/02/2022,
6,30/11/2022,E00823,264fbce6-03c8-49fb-826d-bab4cecce3d4,01/03/2022,02/11/2022
6,30/11/2022,E01091,2cb9bff2-b2d5-48fc-92b5-bb6931c8553f,12/03/2022,
6,30/11/2022,E00478,c2f53247-4446-4d6e-8e36-ebb5c103b7f8,07/03/2022,
6,30/11/2022,E00178,ae54a114-518d-46df-9ecd-66e42012fd07,24/03/2022,
6,30/11/2022,E01224,118f6ddc-f9f6-4b41-9d01-494403ced978,10/03/2022,
6,30/11/2022,E01286,ba14ff0e-9df7-448c-9faf-4f3857d5fb76,01/04/2022,
6,30/11/2022,E01299,595c8038-2787-4eb8-9d7c-926977a3f194,01/04/2022,24/11/2022
6,30/11/2022,E01065,b49981cc-6a9d-415d-8add-aa5396c0d7ee,26/04/2022,
6,30/11/2022,E00138,a505bb6a-8a39-4b32-b32e-1383334126c5,13/04/2022,
6,30/11/2022,E00863,afa0cb22-5e7b-4fbb-b231-b3a1c75d4804,18/04/2022,
6,30/11/2022,E00258,b2ba8289-3f7f-4c5b-bb12-5377896c28dc,27/04/2022,
6,30/11/2022,E00560,cb48c8b7-15fc-446d-9b7c-0d469a6b666d,10/04/2022,
6,30/11/2022,E00330,f113d215-a6f1-41a7-b206-3a4a3a4fcf85,01/04/2022,
6,30/11/2022,E00481,7ad7fbd6-644e-4199-ab6f-60355633c50d,28/05/2022,
6,30/11/2022,E00870,05a45fd6-788b-45f4-8420-6658348f49ba,05/05/2022,
6,30/11/2022,E00092,695b3dd1-bdde-4a30-811e-452f09b0bd15,01/05/2022,11/11/2022
6,30/11/2022,E00132,d0696203-e504-494c-ad87-37d27bc7e342,29/05/2022,
6,30/11/2022,E00403,73325da1-623c-49ab-9f7b-e2b2c5050fa6,06/05/2022,
6,30/11/2022,E00627,7acdfa00-433e-4e38-b749-e2b6a8c821a9,05/05/2022,
6,30/11/2022,E01243,30605230-7200-41e2-bb6b-44fa323c2c26,16/05/2022,
2,30/11/2022,E00404,3f99150d-7fc5-4697-8afd-82309e9515fd,07/10/2022,
6,30/11/2022,E00903,b845ff66-0107-4ca0-a8c7-87d48573d0d1,11/06/2022,
6,30/11/2022,E00928,553376fc-3745-4c3e-98d0-27154f4ac8ae,16/08/2022,
6,30/11/2022,E00311,59abfe82-d70e-4990-8f92-047574cb5126,08/11/2022,
6,30/11/2022,E00862,d6bad35b-0d91-4b72-b48f-e9de26a1d403,11/11/2022,
6,30/11/2022,E00987,8a335eb6-ad28-438e-9289-94539c70ee91,14/11/2022,
6,30/11/2022,E00748,94f05f23-cc8c-42d0-b38f-6febb65c49c9,22/11/2022,
6,30/11/2022,E00556,ac897eb3-3650-4ee5-8a64-efa8ee69d465,20/11/2022,
6,30/11/2022,E01064,c27db184-8615-44a6-ada7-f75d6fa7c67a,08/11/2022,
6,31/12/2022,E00872,dfb75e30-e218-4919-a93e-396d60f3d97e,19/11/2019,
6,31/12/2022,E01423,7b649d2d-b337-4e56-a948-b9fa147a2bff,14/11/2019,
6,31/12/2022,E00558,47ef24e1-67b3-4e61-8ee5-d1ee8b57f61b,13/01/2020,
6,31/12/2022,E01043,ea005c4d-3315-402e-b5b3-2adb6200bbe5,22/04/2020,
6,31/12/2022,E01389,3d32fca2-0292-42c2-a711-ce242e2a4cdc,09/05/2020,
6,31/12/2022,E00071,f8cbda5b-81ed-40ac-919f-43b57115ade6,03/09/2020,
6,31/12/2022,E00940,6e1fe8b6-be1c-4359-94f6-277adee464b6,13/10/2020,
6,31/12/2022,E00202,71805088-7656-4507-99b7-fdb3d3598d87,17/04/2021,
6,31/12/2022,E00817,3d17807a-db6a-493d-9296-1ad79f395369,24/04/2021,
6,31/12/2022,E00570,8b8d8579-e143-485c-8197-2d86170d0010,09/05/2021,10/12/2022
6,31/12/2022,E00145,b8f71620-d6c2-494f-84c4-2c728072fc7a,19/05/2021,
6,31/12/2022,E00559,7a81243a-0aa6-4072-bb10-b1d8cb3fadd3,26/07/2021,
6,31/12/2022,E00645,bf6d8641-b138-41d4-a38d-23c389e07f9e,14/08/2021,
6,31/12/2022,E00966,d6d3b31c-37ae-46d9-b5f7-257fb2691b33,04/08/2021,
6,31/12/2022,E01431,734991a5-9921-4b47-bccc-c36e06927e59,29/10/2021,28/12/2022
6,31/12/2022,E01291,4d5ff8a9-2ef0-4d32-8a18-32ba86cd58f0,06/10/2021,
6,31/12/2022,E00348,7a59a6e5-55cc-476d-aee1-b5b39e69ee23,28/11/2021,
6,31/12/2022,E01053,bcdc3569-d8c2-46ab-9de0-36f79237e22d,01/11/2021,
6,31/12/2022,E00910,835b275b-6e3d-4807-8991-9c3c97885c2a,27/01/2022,
6,31/12/2022,E00223,c4f1c3cc-04ab-44b3-af22-59675acfee52,27/01/2022,28/12/2022
6,31/12/2022,E00965,b21406f2-2cd4-479c-85da-326eecd9983e,26/02/2022,
6,31/12/2022,E01091,2cb9bff2-b2d5-48fc-92b5-bb6931c8553f,12/03/2022,
6,31/12/2022,E00478,c2f53247-4446-4d6e-8e36-ebb5c103b7f8,07/03/2022,
6,31/12/2022,E00178,ae54a114-518d-46df-9ecd-66e42012fd07,24/03/2022,
6,31/12/2022,E01224,118f6ddc-f9f6-4b41-9d01-494403ced978,10/03/2022,
6,31/12/2022,E01286,ba14ff0e-9df7-448c-9faf-4f3857d5fb76,01/04/2022,
3,31/12/2022,E01299,595c8038-2787-4eb8-9d7c-926977a3f194,06/12/2022,
6,31/12/2022,E01065,b49981cc-6a9d-415d-8add-aa5396c0d7ee,26/04/2022,
6,31/12/2022,E00138,a505bb6a-8a39-4b32-b32e-1383334126c5,13/04/2022,
6,31/12/2022,E00863,afa0cb22-5e7b-4fbb-b231-b3a1c75d4804,18/04/2022,
6,31/12/2022,E00258,b2ba8289-3f7f-4c5b-bb12-5377896c28dc,27/04/2022,
6,31/12/2022,E00560,cb48c8b7-15fc-446d-9b7c-0d469a6b666d,10/04/2022,
6,31/12/2022,E00330,f113d215-a6f1-41a7-b206-3a4a3a4fcf85,01/04/2022,
6,31/12/2022,E00481,7ad7fbd6-644e-4199-ab6f-60355633c50d,28/05/2022,
6,31/12/2022,E00870,05a45fd6-788b-45f4-8420-6658348f49ba,05/05/2022,
6,31/12/2022,E00132,d0696203-e504-494c-ad87-37d27bc7e342,29/05/2022,
6,31/12/2022,E00403,73325da1-623c-49ab-9f7b-e2b2c5050fa6,06/05/2022,
6,31/12/2022,E00627,7acdfa00-433e-4e38-b749-e2b6a8c821a9,05/05/2022,28/12/2022
6,31/12/2022,E01243,30605230-7200-41e2-bb6b-44fa323c2c26,16/05/2022,
2,31/12/2022,E00404,3f99150d-7fc5-4697-8afd-82309e9515fd,07/10/2022,
6,31/12/2022,E00903,b845ff66-0107-4ca0-a8c7-87d48573d0d1,11/06/2022,
6,31/12/2022,E00928,553376fc-3745-4c3e-98d0-27154f4ac8ae,16/08/2022,
6,31/12/2022,E00311,59abfe82-d70e-4990-8f92-047574cb5126,08/11/2022,
6,31/12/2022,E00862,d6bad35b-0d91-4b72-b48f-e9de26a1d403,11/11/2022,
6,31/12/2022,E00987,8a335eb6-ad28-438e-9289-94539c70ee91,14/11/2022,
6,31/12/2022,E00748,94f05f23-cc8c-42d0-b38f-6febb65c49c9,22/11/2022,
6,31/12/2022,E00556,ac897eb3-3650-4ee5-8a64-efa8ee69d465,20/11/2022,
6,31/12/2022,E01064,c27db184-8615-44a6-ada7-f75d6fa7c67a,08/11/2022,
6,31/12/2022,E00618,be30b0de-a94c-4baa-a79d-f669fa03818f,28/12/2022,
6,31/12/2022,E00111,505ec663-4282-4f21-a0b4-ee7ac293960c,18/12/2022,
6,31/01/2023,E00872,dfb75e30-e218-4919-a93e-396d60f3d97e,19/11/2019,
6,31/01/2023,E01423,7b649d2d-b337-4e56-a948-b9fa147a2bff,14/11/2019,
6,31/01/2023,E00558,47ef24e1-67b3-4e61-8ee5-d1ee8b57f61b,13/01/2020,
6,31/01/2023,E01043,ea005c4d-3315-402e-b5b3-2adb6200bbe5,22/04/2020,
6,31/01/2023,E01389,3d32fca2-0292-42c2-a711-ce242e2a4cdc,09/05/2020,
6,31/01/2023,E00071,f8cbda5b-81ed-40ac-919f-43b57115ade6,03/09/2020,
6,31/01/2023,E00940,6e1fe8b6-be1c-4359-94f6-277adee464b6,13/10/2020,
6,31/01/2023,E00202,71805088-7656-4507-99b7-fdb3d3598d87,17/04/2021,
6,31/01/2023,E00817,3d17807a-db6a-493d-9296-1ad79f395369,24/04/2021,
6,31/01/2023,E00145,b8f71620-d6c2-494f-84c4-2c728072fc7a,19/05/2021,
6,31/01/2023,E00559,7a81243a-0aa6-4072-bb10-b1d8cb3fadd3,26/07/2021,
6,31/01/2023,E00645,bf6d8641-b138-41d4-a38d-23c389e07f9e,14/08/2021,
6,31/01/2023,E00966,d6d3b31c-37ae-46d9-b5f7-257fb2691b33,04/08/2021,
6,31/01/2023,E01291,4d5ff8a9-2ef0-4d32-8a18-32ba86cd58f0,06/10/2021,
6,31/01/2023,E00348,7a59a6e5-55cc-476d-aee1-b5b39e69ee23,28/11/2021,
6,31/01/2023,E01053,bcdc3569-d8c2-46ab-9de0-36f79237e22d,01/11/2021,
6,31/01/2023,E00910,835b275b-6e3d-4807-8991-9c3c97885c2a,27/01/2022,
1,31/01/2023,E00223,c4f1c3cc-04ab-44b3-af22-59675acfee52,01/01/2023,
6,31/01/2023,E00965,b21406f2-2cd4-479c-85da-326eecd9983e,26/02/2022,
6,31/01/2023,E01091,2cb9bff2-b2d5-48fc-92b5-bb6931c8553f,12/03/2022,
6,31/01/2023,E00478,c2f53247-4446-4d6e-8e36-ebb5c103b7f8,07/03/2022,
6,31/01/2023,E00178,ae54a114-518d-46df-9ecd-66e42012fd07,24/03/2022,
6,31/01/2023,E01224,118f6ddc-f9f6-4b41-9d01-494403ced978,10/03/2022,
6,31/01/2023,E01286,ba14ff0e-9df7-448c-9faf-4f3857d5fb76,01/04/2022,
6,31/01/2023,E01065,b49981cc-6a9d-415d-8add-aa5396c0d7ee,26/04/2022,
6,31/01/2023,E00138,a505bb6a-8a39-4b32-b32e-1383334126c5,13/04/2022,
6,31/01/2023,E00863,afa0cb22-5e7b-4fbb-b231-b3a1c75d4804,18/04/2022,
6,31/01/2023,E00258,b2ba8289-3f7f-4c5b-bb12-5377896c28dc,27/04/2022,
6,31/01/2023,E00560,cb48c8b7-15fc-446d-9b7c-0d469a6b666d,10/04/2022,13/01/2023
6,31/01/2023,E00330,f113d215-a6f1-41a7-b206-3a4a3a4fcf85,01/04/2022,
6,31/01/2023,E00481,7ad7fbd6-644e-4199-ab6f-60355633c50d,28/05/2022,
6,31/01/2023,E00870,05a45fd6-788b-45f4-8420-6658348f49ba,05/05/2022,
6,31/01/2023,E00132,d0696203-e504-494c-ad87-37d27bc7e342,29/05/2022,
6,31/01/2023,E00403,73325da1-623c-49ab-9f7b-e2b2c5050fa6,06/05/2022,
6,31/01/2023,E01243,30605230-7200-41e2-bb6b-44fa323c2c26,16/05/2022,
2,31/01/2023,E00404,3f99150d-7fc5-4697-8afd-82309e9515fd,07/10/2022,
6,31/01/2023,E00903,b845ff66-0107-4ca0-a8c7-87d48573d0d1,11/06/2022,
6,31/01/2023,E00928,553376fc-3745-4c3e-98d0-27154f4ac8ae,16/08/2022,
6,31/01/2023,E00311,59abfe82-d70e-4990-8f92-047574cb5126,08/11/2022,
6,31/01/2023,E00862,d6bad35b-0d91-4b72-b48f-e9de26a1d403,11/11/2022,
6,31/01/2023,E00987,8a335eb6-ad28-438e-9289-94539c70ee91,14/11/2022,30/01/2023
6,31/01/2023,E00748,94f05f23-cc8c-42d0-b38f-6febb65c49c9,22/11/2022,
6,31/01/2023,E00556,ac897eb3-3650-4ee5-8a64-efa8ee69d465,20/11/2022,
6,31/01/2023,E01064,c27db184-8615-44a6-ada7-f75d6fa7c67a,08/11/2022,
6,31/01/2023,E00618,be30b0de-a94c-4baa-a79d-f669fa03818f,28/12/2022,
6,31/01/2023,E00111,505ec663-4282-4f21-a0b4-ee7ac293960c,18/12/2022,
6,31/01/2023,E00051,d8fb5b95-1f16-455a-8074-4bf2f2a36d9f,30/01/2023,
6,31/01/2023,E00470,cdf7c4a1-162a-4647-965a-4db0ea0c34bf,21/01/2023,
6,31/01/2023,E00519,13604277-8431-4a2f-a107-a809c7e79676,01/01/2023,
6,31/01/2023,E00310,016b2f7a-c315-4ad9-acd3-fc8bc9fa2a7d,03/01/2023,
6,31/01/2023,E00561,03e4e638-9ef3-4bf0-afc6-dee39aba207e,21/01/2023,
6,28/02/2023,E00872,dfb75e30-e218-4919-a93e-396d60f3d97e,19/11/2019,
6,28/02/2023,E01423,7b649d2d-b337-4e56-a948-b9fa147a2bff,14/11/2019,
6,28/02/2023,E00558,47ef24e1-67b3-4e61-8ee5-d1ee8b57f61b,13/01/2020,
6,28/02/2023,E01043,ea005c4d-3315-402e-b5b3-2adb6200bbe5,22/04/2020,
6,28/02/2023,E01389,3d32fca2-0292-42c2-a711-ce242e2a4cdc,09/05/2020,
6,28/02/2023,E00071,f8cbda5b-81ed-40ac-919f-43b57115ade6,03/09/2020,
6,28/02/2023,E00940,6e1fe8b6-be1c-4359-94f6-277adee464b6,13/10/2020,
6,28/02/2023,E00202,71805088-7656-4507-99b7-fdb3d3598d87,17/04/2021,
6,28/02/2023,E00817,3d17807a-db6a-493d-9296-1ad79f395369,24/04/2021,
6,28/02/2023,E00145,b8f71620-d6c2-494f-84c4-2c728072fc7a,19/05/2021,
6,28/02/2023,E00559,7a81243a-0aa6-4072-bb10-b1d8cb3fadd3,26/07/2021,
6,28/02/2023,E00645,bf6d8641-b138-41d4-a38d-23c389e07f9e,14/08/2021,
6,28/02/2023,E00966,d6d3b31c-37ae-46d9-b5f7-257fb2691b33,04/08/2021,
6,28/02/2023,E01291,4d5ff8a9-2ef0-4d32-8a18-32ba86cd58f0,06/10/2021,
6,28/02/2023,E00348,7a59a6e5-55cc-476d-aee1-b5b39e69ee23,28/11/2021,
6,28/02/2023,E01053,bcdc3569-d8c2-46ab-9de0-36f79237e22d,01/11/2021,
6,28/02/2023,E00910,835b275b-6e3d-4807-8991-9c3c97885c2a,27/01/2022,
1,28/02/2023,E00223,c4f1c3cc-04ab-44b3-af22-59675acfee52,01/01/2023,
6,28/02/2023,E00965,b21406f2-2cd4-479c-85da-326eecd9983e,26/02/2022,
6,28/02/2023,E01091,2cb9bff2-b2d5-48fc-92b5-bb6931c8553f,12/03/2022,
6,28/02/2023,E00478,c2f53247-4446-4d6e-8e36-ebb5c103b7f8,07/03/2022,
6,28/02/2023,E00178,ae54a114-518d-46df-9ecd-66e42012fd07,24/03/2022,03/02/2023
6,28/02/2023,E01224,118f6ddc-f9f6-4b41-9d01-494403ced978,10/03/2022,
6,28/02/2023,E01286,ba14ff0e-9df7-448c-9faf-4f3857d5fb76,01/04/2022,
6,28/02/2023,E01065,b49981cc-6a9d-415d-8add-aa5396c0d7ee,26/04/2022,
6,28/02/2023,E00138,a505bb6a-8a39-4b32-b32e-1383334126c5,13/04/2022,
6,28/02/2023,E00863,afa0cb22-5e7b-4fbb-b231-b3a1c75d4804,18/04/2022,
6,28/02/2023,E00258,b2ba8289-3f7f-4c5b-bb12-5377896c28dc,27/04/2022,
6,28/02/2023,E00330,f113d215-a6f1-41a7-b206-3a4a3a4fcf85,01/04/2022,
6,28/02/2023,E00481,7ad7fbd6-644e-4199-ab6f-60355633c50d,28/05/2022,
6,28/02/2023,E00870,05a45fd6-788b-45f4-8420-6658348f49ba,05/05/2022,
6,28/02/2023,E00132,d0696203-e504-494c-ad87-37d27bc7e342,29/05/2022,
6,28/02/2023,E00403,73325da1-623c-49ab-9f7b-e2b2c5050fa6,06/05/2022,
6,28/02/2023,E01243,30605230-7200-41e2-bb6b-44fa323c2c26,16/05/2022,
2,28/02/2023,E00404,3f99150d-7fc5-4697-8afd-82309e9515fd,07/10/2022,
6,28/02/2023,E00903,b845ff66-0107-4ca0-a8c7-87d48573d0d1,11/06/2022,
6,28/02/2023,E00928,553376fc-3745-4c3e-98d0-27154f4ac8ae,16/08/2022,03/02/2023
6,28/02/2023,E00311,59abfe82-d70e-4990-8f92-047574cb5126,08/11/2022,24/02/2023
6,28/02/2023,E00862,d6bad35b-0d91-4b72-b48f-e9de26a1d403,11/11/2022,
6,28/02/2023,E00748,94f05f23-cc8c-42d0-b38f-6febb65c49c9,22/11/2022,
6,28/02/2023,E00556,ac897eb3-3650-4ee5-8a64-efa8ee69d465,20/11/2022,
6,28/02/2023,E01064,c27db184-8615-44a6-ada7-f75d6fa7c67a,08/11/2022,
6,28/02/2023,E00618,be30b0de-a94c-4baa-a79d-f669fa03818f,28/12/2022,
6,28/02/2023,E00111,505ec663-4282-4f21-a0b4-ee7ac293960c,18/12/2022,
6,28/02/2023,E00051,d8fb5b95-1f16-455a-8074-4bf2f2a36d9f,30/01/2023,
6,28/02/2023,E00470,cdf7c4a1-162a-4647-965a-4db0ea0c34bf,21/01/2023,
6,28/02/2023,E00519,13604277-8431-4a2f-a107-a809c7e79676,01/01/2023,
6,28/02/2023,E00310,016b2f7a-c315-4ad9-acd3-fc8bc9fa2a7d,03/01/2023,
6,28/02/2023,E00561,03e4e638-9ef3-4bf0-afc6-dee39aba207e,21/01/2023,
6,28/02/2023,E00650,81e6af63-3792-4a95-a776-3186f26a8c98,13/02/2023,
6,28/02/2023,E00438,7e37efe5-7566-4ee8-b70d-14eb1fa980f8,09/02/2023,
6,28/02/2023,E00747,b58af9f0-83bb-4ba6-93ce-fa6dcd7f6513,28/02/2023,
6,28/02/2023,E00325,e484c02a-316e-4c37-aefc-dfd84f2b26dc,25/02/2023,
6,28/02/2023,E00689,c2b6d1d9-ae24-48c5-a071-da06ab5cc380,16/02/2023,
6,31/03/2023,E00872,dfb75e30-e218-4919-a93e-396d60f3d97e,19/11/2019,
6,31/03/2023,E01423,7b649d2d-b337-4e56-a948-b9fa147a2bff,14/11/2019,
6,31/03/2023,E00558,47ef24e1-67b3-4e61-8ee5-d1ee8b57f61b,13/01/2020,
6,31/03/2023,E01043,ea005c4d-3315-402e-b5b3-2adb6200bbe5,22/04/2020,
6,31/03/2023,E01389,3d32fca2-0292-42c2-a711-ce242e2a4cdc,09/05/2020,
6,31/03/2023,E00071,f8cbda5b-81ed-40ac-919f-43b57115ade6,03/09/2020,
6,31/03/2023,E00940,6e1fe8b6-be1c-4359-94f6-277adee464b6,13/10/2020,
6,31/03/2023,E00202,71805088-7656-4507-99b7-fdb3d3598d87,17/04/2021,
6,31/03/2023,E00817,3d17807a-db6a-493d-9296-1ad79f395369,24/04/2021,
6,31/03/2023,E00145,b8f71620-d6c2-494f-84c4-2c728072fc7a,19/05/2021,
6,31/03/2023,E00559,7a81243a-0aa6-4072-bb10-b1d8cb3fadd3,26/07/2021,
6,31/03/2023,E00645,bf6d8641-b138-41d4-a38d-23c389e07f9e,14/08/2021,
6,31/03/2023,E00966,d6d3b31c-37ae-46d9-b5f7-257fb2691b33,04/08/2021,
6,31/03/2023,E01291,4d5ff8a9-2ef0-4d32-8a18-32ba86cd58f0,06/10/2021,
6,31/03/2023,E00348,7a59a6e5-55cc-476d-aee1-b5b39e69ee23,28/11/2021,
6,31/03/2023,E01053,bcdc3569-d8c2-46ab-9de0-36f79237e22d,01/11/2021,
6,31/03/2023,E00910,835b275b-6e3d-4807-8991-9c3c97885c2a,27/01/2022,30/03/2023
1,31/03/2023,E00223,c4f1c3cc-04ab-44b3-af22-59675acfee52,01/01/2023,
6,31/03/2023,E00965,b21406f2-2cd4-479c-85da-326eecd9983e,26/02/2022,
6,31/03/2023,E01091,2cb9bff2-b2d5-48fc-92b5-bb6931c8553f,12/03/2022,
6,31/03/2023,E00478,c2f53247-4446-4d6e-8e36-ebb5c103b7f8,07/03/2022,
6,31/03/2023,E01224,118f6ddc-f9f6-4b41-9d01-494403ced978,10/03/2022,
6,31/03/2023,E01286,ba14ff0e-9df7-448c-9faf-4f3857d5fb76,01/04/2022,
3,31/03/2023,E01299,595c8038-2787-4eb8-9d7c-926977a3f194,06/12/2022,
6,31/03/2023,E01065,b49981cc-6a9d-415d-8add-aa5396c0d7ee,26/04/2022,
6,31/03/2023,E00138,a505bb6a-8a39-4b32-b32e-1383334126c5,13/04/2022,18/03/2023
6,31/03/2023,E00863,afa0cb22-5e7b-4fbb-b231-b3a1c75d4804,18/04/2022,
6,31/03/2023,E00258,b2ba8289-3f7f-4c5b-bb12-5377896c28dc,27/04/2022,
6,31/03/2023,E00330,f113d215-a6f1-41a7-b206-3a4a3a4fcf85,01/04/2022,
6,31/03/2023,E00481,7ad7fbd6-644e-4199-ab6f-60355633c50d,28/05/2022,
6,31/03/2023,E00870,05a45fd6-788b-45f4-8420-6658348f49ba,05/05/2022,
6,31/03/2023,E00132,d0696203-e504-494c-ad87-37d27bc7e342,29/05/2022,
6,31/03/2023,E00403,73325da1-623c-49ab-9f7b-e2b2c5050fa6,06/05/2022,15/03/2023
6,31/03/2023,E01243,30605230-7200-41e2-bb6b-44fa323c2c26,16/05/2022,
2,31/03/2023,E00404,3f99150d-7fc5-4697-8afd-82309e9515fd,07/10/2022,
6,31/03/2023,E00903,b845ff66-0107-4ca0-a8c7-87d48573d0d1,11/06/2022,
6,31/03/2023,E00862,d6bad35b-0d91-4b72-b48f-e9de26a1d403,11/11/2022,
6,31/03/2023,E00748,94f05f23-cc8c-42d0-b38f-6febb65c49c9,22/11/2022,
6,31/03/2023,E00556,ac897eb3-3650-4ee5-8a64-efa8ee69d465,20/11/2022,
6,31/03/2023,E01064,c27db184-8615-44a6-ada7-f75d6fa7c67a,08/11/2022,
6,31/03/2023,E00618,be30b0de-a94c-4baa-a79d-f669fa03818f,28/12/2022,
6,31/03/2023,E00111,505ec663-4282-4f21-a0b4-ee7ac293960c,18/12/2022,
6,31/03/2023,E00051,d8fb5b95-1f16-455a-8074-4bf2f2a36d9f,30/01/2023,
6,31/03/2023,E00470,cdf7c4a1-162a-4647-965a-4db0ea0c34bf,21/01/2023,
6,31/03/2023,E00519,13604277-8431-4a2f-a107-a809c7e79676,01/01/2023,10/03/2023
6,31/03/2023,E00310,016b2f7a-c315-4ad9-acd3-fc8bc9fa2a7d,03/01/2023,
6,31/03/2023,E00561,03e4e638-9ef3-4bf0-afc6-dee39aba207e,21/01/2023,
6,31/03/2023,E00650,81e6af63-3792-4a95-a776-3186f26a8c98,13/02/2023,
6,31/03/2023,E00438,7e37efe5-7566-4ee8-b70d-14eb1fa980f8,09/02/2023,
6,31/03/2023,E00747,b58af9f0-83bb-4ba6-93ce-fa6dcd7f6513,28/02/2023,
6,31/03/2023,E00325,e484c02a-316e-4c37-aefc-dfd84f2b26dc,25/02/2023,
6,31/03/2023,E00689,c2b6d1d9-ae24-48c5-a071-da06ab5cc380,16/02/2023,
6,31/03/2023,E01456,c4cb1ab7-dc81-4f4f-a911-ea806e6c000c,19/03/2023,
6,31/03/2023,E00185,548a6c3b-8381-4250-b5bd-7e9a208e696e,18/03/2023,
6,31/03/2023,E00082,7bfce136-09cb-4136-926f-9a002a37b0c9,02/03/2023,
6,31/03/2023,E01293,ea6e5cec-ed04-4dfc-8c60-efb3f0061962,17/03/2023,
6,31/03/2023,E00003,16d3207c-8a95-4abb-9d6b-46215ab73d83,20/03/2023,
6,31/03/2023,E00575,c8638624-992b-4266-9678-0343f721be4e,28/03/2023,
6,31/03/2023,E00915,0733d491-d8ab-452d-a054-6ce68369f46a,16/03/2023,
6,31/03/2023,E00900,8043be1e-f7a6-465d-becc-22b8301315bc,04/03/2023,
6,31/03/2023,E01058,d5238aba-019b-4d3c-9fc5-df736bd81825,22/03/2023,
6,31/03/2023,E00557,ac889c01-a1b2-45e9-ba30-d41d3b1ae5b7,08/03/2023,
6,30/04/2023,E00872,dfb75e30-e218-4919-a93e-396d60f3d97e,19/11/2019,
6,30/04/2023,E01423,7b649d2d-b337-4e56-a948-b9fa147a2bff,14/11/2019,
6,30/04/2023,E00558,47ef24e1-67b3-4e61-8ee5-d1ee8b57f61b,13/01/2020,
6,30/04/2023,E01043,ea005c4d-3315-402e-b5b3-2adb6200bbe5,22/04/2020,
6,30/04/2023,E01389,3d32fca2-0292-42c2-a711-ce242e2a4cdc,09/05/2020,
6,30/04/2023,E00071,f8cbda5b-81ed-40ac-919f-43b57115ade6,03/09/2020,
6,30/04/2023,E00940,6e1fe8b6-be1c-4359-94f6-277adee464b6,13/10/2020,25/04/2023
6,30/04/2023,E00202,71805088-7656-4507-99b7-fdb3d3598d87,17/04/2021,
6,30/04/2023,E00817,3d17807a-db6a-493d-9296-1ad79f395369,24/04/2021,
6,30/04/2023,E00145,b8f71620-d6c2-494f-84c4-2c728072fc7a,19/05/2021,
6,30/04/2023,E00559,7a81243a-0aa6-4072-bb10-b1d8cb3fadd3,26/07/2021,
6,30/04/2023,E00645,bf6d8641-b138-41d4-a38d-23c389e07f9e,14/08/2021,
6,30/04/2023,E00966,d6d3b31c-37ae-46d9-b5f7-257fb2691b33,04/08/2021,
6,30/04/2023,E01291,4d5ff8a9-2ef0-4d32-8a18-32ba86cd58f0,06/10/2021,
6,30/04/2023,E00348,7a59a6e5-55cc-476d-aee1-b5b39e69ee23,28/11/2021,
6,30/04/2023,E01053,bcdc3569-d8c2-46ab-9de0-36f79237e22d,01/11/2021,
1,30/04/2023,E00223,c4f1c3cc-04ab-44b3-af22-59675acfee52,01/01/2023,
6,30/04/2023,E00965,b21406f2-2cd4-479c-85da-326eecd9983e,26/02/2022,
6,30/04/2023,E01091,2cb9bff2-b2d5-48fc-92b5-bb6931c8553f,12/03/2022,
6,30/04/2023,E00478,c2f53247-4446-4d6e-8e36-ebb5c103b7f8,07/03/2022,
6,30/04/2023,E01224,118f6ddc-f9f6-4b41-9d01-494403ced978,10/03/2022,
6,30/04/2023,E01286,ba14ff0e-9df7-448c-9faf-4f3857d5fb76,01/04/2022,
3,30/04/2023,E01299,595c8038-2787-4eb8-9d7c-926977a3f194,06/12/2022,
6,30/04/2023,E01065,b49981cc-6a9d-415d-8add-aa5396c0d7ee,26/04/2022,
6,30/04/2023,E00863,afa0cb22-5e7b-4fbb-b231-b3a1c75d4804,18/04/2022,
6,30/04/2023,E00258,b2ba8289-3f7f-4c5b-bb12-5377896c28dc,27/04/2022,
6,30/04/2023,E00330,f113d215-a6f1-41a7-b206-3a4a3a4fcf85,01/04/2022,
6,30/04/2023,E00481,7ad7fbd6-644e-4199-ab6f-60355633c50d,28/05/2022,
6,30/04/2023,E00870,05a45fd6-788b-45f4-8420-6658348f49ba,05/05/2022,12/04/2023
6,30/04/2023,E00132,d0696203-e504-494c-ad87-37d27bc7e342,29/05/2022,
6,30/04/2023,E01243,30605230-7200-41e2-bb6b-44fa323c2c26,16/05/2022,
2,30/04/2023,E00404,3f99150d-7fc5-4697-8afd-82309e9515fd,07/10/2022,
6,30/04/2023,E00903,b845ff66-0107-4ca0-a8c7-87d48573d0d1,11/06/2022,
6,30/04/2023,E00862,d6bad35b-0d91-4b72-b48f-e9de26a1d403,11/11/2022,18/04/2023
6,30/04/2023,E00748,94f05f23-cc8c-42d0-b38f-6febb65c49c9,22/11/2022,
6,30/04/2023,E00556,ac897eb3-3650-4ee5-8a64-efa8ee69d465,20/11/2022,
6,30/04/2023,E01064,c27db184-8615-44a6-ada7-f75d6fa7c67a,08/11/2022,16/04/2023
6,30/04/2023,E00618,be30b0de-a94c-4baa-a79d-f669fa03818f,28/12/2022,
6,30/04/2023,E00111,505ec663-4282-4f21-a0b4-ee7ac293960c,18/12/2022,
6,30/04/2023,E00051,d8fb5b95-1f16-455a-8074-4bf2f2a36d9f,30/01/2023,
6,30/04/2023,E00470,cdf7c4a1-162a-4647-965a-4db0ea0c34bf,21/01/2023,
6,30/04/2023,E00310,016b2f7a-c315-4ad9-acd3-fc8bc9fa2a7d,03/01/2023,
6,30/04/2023,E00561,03e4e638-9ef3-4bf0-afc6-dee39aba207e,21/01/2023,
6,30/04/2023,E00650,81e6af63-3792-4a95-a776-3186f26a8c98,13/02/2023,
6,30/04/2023,E00438,7e37efe5-7566-4ee8-b70d-14eb1fa980f8,09/02/2023,
6,30/04/2023,E00747,b58af9f0-83bb-4ba6-93ce-fa6dcd7f6513,28/02/2023,
6,30/04/2023,E00325,e484c02a-316e-4c37-aefc-dfd84f2b26dc,25/02/2023,
6,30/04/2023,E00689,c2b6d1d9-ae24-48c5-a071-da06ab5cc380,16/02/2023,
6,30/04/2023,E01456,c4cb1ab7-dc81-4f4f-a911-ea806e6c000c,19/03/2023,
6,30/04/2023,E00185,548a6c3b-8381-4250-b5bd-7e9a208e696e,18/03/2023,
6,30/04/2023,E00082,7bfce136-09cb-4136-926f-9a002a37b0c9,02/03/2023,
6,30/04/2023,E01293,ea6e5cec-ed04-4dfc-8c60-efb3f0061962,17/03/2023,
6,30/04/2023,E00003,16d3207c-8a95-4abb-9d6b-46215ab73d83,20/03/2023,
6,30/04/2023,E00575,c8638624-992b-4266-9678-0343f721be4e,28/03/2023,
6,30/04/2023,E00915,0733d491-d8ab-452d-a054-6ce68369f46a,16/03/2023,
6,30/04/2023,E00900,8043be1e-f7a6-465d-becc-22b8301315bc,04/03/2023,
6,30/04/2023,E01058,d5238aba-019b-4d3c-9fc5-df736bd81825,22/03/2023,
6,30/04/2023,E00557,ac889c01-a1b2-45e9-ba30-d41d3b1ae5b7,08/03/2023,
6,30/04/2023,E00318,d2283619-3958-4122-a8ee-a07b7e1bb4f7,08/04/2023,
6,30/04/2023,E00434,6418fcac-0a46-4351-a7d6-2e98987ca7f0,02/04/2023,
6,30/04/2023,E00980,191bf9d7-c63d-4ab4-9e4f-24247a43f502,09/04/2023,
6,30/04/2023,E00175,e4092600-a411-4d73-9129-3e57b402e2bf,23/04/2023,
6,30/04/2023,E01510,42446b1d-5045-49ab-a2f1-92a3bed7726d,26/04/2023,
6,30/04/2023,E00856,dffa5e7e-70d9-4d8d-a04f-e96f62b3a576,25/04/2023,
6,30/04/2023,E01228,a70c9975-f4b8-444d-a15a-b0c8cefb2c4f,27/04/2023,
6,30/04/2023,E01140,507419ca-76b6-4e96-b649-b3634b54551c,25/04/2023,
6,30/04/2023,E00038,2b35fc1b-522e-4f7a-aea6-1706a93e2824,24/04/2023,
6,31/05/2023,E00872,dfb75e30-e218-4919-a93e-396d60f3d97e,19/11/2019,
6,31/05/2023,E01423,7b649d2d-b337-4e56-a948-b9fa147a2bff,14/11/2019,
6,31/05/2023,E00558,47ef24e1-67b3-4e61-8ee5-d1ee8b57f61b,13/01/2020,
6,31/05/2023,E01043,ea005c4d-3315-402e-b5b3-2adb6200bbe5,22/04/2020,
6,31/05/2023,E01389,3d32fca2-0292-42c2-a711-ce242e2a4cdc,09/05/2020,
6,31/05/2023,E00071,f8cbda5b-81ed-40ac-919f-43b57115ade6,03/09/2020,
6,31/05/2023,E00202,71805088-7656-4507-99b7-fdb3d3598d87,17/04/2021,
6,31/05/2023,E00817,3d17807a-db6a-493d-9296-1ad79f395369,24/04/2021,
6,31/05/2023,E00145,b8f71620-d6c2-494f-84c4-2c728072fc7a,19/05/2021,
6,31/05/2023,E00559,7a81243a-0aa6-4072-bb10-b1d8cb3fadd3,26/07/2021,
6,31/05/2023,E00645,bf6d8641-b138-41d4-a38d-23c389e07f9e,14/08/2021,
6,31/05/2023,E00966,d6d3b31c-37ae-46d9-b5f7-257fb2691b33,04/08/2021,
6,31/05/2023,E01291,4d5ff8a9-2ef0-4d32-8a18-32ba86cd58f0,06/10/2021,
6,31/05/2023,E00348,7a59a6e5-55cc-476d-aee1-b5b39e69ee23,28/11/2021,04/05/2023
6,31/05/2023,E01053,bcdc3569-d8c2-46ab-9de0-36f79237e22d,01/11/2021,
1,31/05/2023,E00223,c4f1c3cc-04ab-44b3-af22-59675acfee52,01/01/2023,
6,31/05/2023,E00965,b21406f2-2cd4-479c-85da-326eecd9983e,26/02/2022,
6,31/05/2023,E01091,2cb9bff2-b2d5-48fc-92b5-bb6931c8553f,12/03/2022,
6,31/05/2023,E00478,c2f53247-4446-4d6e-8e36-ebb5c103b7f8,07/03/2022,
6,31/05/2023,E01224,118f6ddc-f9f6-4b41-9d01-494403ced978,10/03/2022,
6,31/05/2023,E01286,ba14ff0e-9df7-448c-9faf-4f3857d5fb76,01/04/2022,
3,31/05/2023,E01299,595c8038-2787-4eb8-9d7c-926977a3f194,06/12/2022,
6,31/05/2023,E01065,b49981cc-6a9d-415d-8add-aa5396c0d7ee,26/04/2022,
6,31/05/2023,E00863,afa0cb22-5e7b-4fbb-b231-b3a1c75d4804,18/04/2022,
6,31/05/2023,E00258,b2ba8289-3f7f-4c5b-bb12-5377896c28dc,27/04/2022,
6,31/05/2023,E00330,f113d215-a6f1-41a7-b206-3a4a3a4fcf85,01/04/2022,
6,31/05/2023,E00481,7ad7fbd6-644e-4199-ab6f-60355633c50d,28/05/2022,
6,31/05/2023,E00132,d0696203-e504-494c-ad87-37d27bc7e342,29/05/2022,06/05/2023
6,31/05/2023,E01243,30605230-7200-41e2-bb6b-44fa323c2c26,16/05/2022,
2,31/05/2023,E00404,3f99150d-7fc5-4697-8afd-82309e9515fd,07/10/2022,
6,31/05/2023,E00903,b845ff66-0107-4ca0-a8c7-87d48573d0d1,11/06/2022,
6,31/05/2023,E00748,94f05f23-cc8c-42d0-b38f-6febb65c49c9,22/11/2022,
6,31/05/2023,E00556,ac897eb3-3650-4ee5-8a64-efa8ee69d465,20/11/2022,08/05/2023
6,31/05/2023,E00618,be30b0de-a94c-4baa-a79d-f669fa03818f,28/12/2022,
6,31/05/2023,E00111,505ec663-4282-4f21-a0b4-ee7ac293960c,18/12/2022,
6,31/05/2023,E00051,d8fb5b95-1f16-455a-8074-4bf2f2a36d9f,30/01/2023,
6,31/05/2023,E00470,cdf7c4a1-162a-4647-965a-4db0ea0c34bf,21/01/2023,
6,31/05/2023,E00310,016b2f7a-c315-4ad9-acd3-fc8bc9fa2a7d,03/01/2023,
6,31/05/2023,E00561,03e4e638-9ef3-4bf0-afc6-dee39aba207e,21/01/2023,
6,31/05/2023,E00650,81e6af63-3792-4a95-a776-3186f26a8c98,13/02/2023,
6,31/05/2023,E00438,7e37efe5-7566-4ee8-b70d-14eb1fa980f8,09/02/2023,
6,31/05/2023,E00747,b58af9f0-83bb-4ba6-93ce-fa6dcd7f6513,28/02/2023,
6,31/05/2023,E00325,e484c02a-316e-4c37-aefc-dfd84f2b26dc,25/02/2023,
6,31/05/2023,E00689,c2b6d1d9-ae24-48c5-a071-da06ab5cc380,16/02/2023,
6,31/05/2023,E01456,c4cb1ab7-dc81-4f4f-a911-ea806e6c000c,19/03/2023,
6,31/05/2023,E00185,548a6c3b-8381-4250-b5bd-7e9a208e696e,18/03/2023,
6,31/05/2023,E00082,7bfce136-09cb-4136-926f-9a002a37b0c9,02/03/2023,
6,31/05/2023,E01293,ea6e5cec-ed04-4dfc-8c60-efb3f0061962,17/03/2023,
6,31/05/2023,E00003,16d3207c-8a95-4abb-9d6b-46215ab73d83,20/03/2023,
6,31/05/2023,E00575,c8638624-992b-4266-9678-0343f721be4e,28/03/2023,
6,31/05/2023,E00915,0733d491-d8ab-452d-a054-6ce68369f46a,16/03/2023,
6,31/05/2023,E00900,8043be1e-f7a6-465d-becc-22b8301315bc,04/03/2023,
6,31/05/2023,E01058,d5238aba-019b-4d3c-9fc5-df736bd81825,22/03/2023,
6,31/05/2023,E00557,ac889c01-a1b2-45e9-ba30-d41d3b1ae5b7,08/03/2023,
6,31/05/2023,E00318,d2283619-3958-4122-a8ee-a07b7e1bb4f7,08/04/2023,
6,31/05/2023,E00434,6418fcac-0a46-4351-a7d6-2e98987ca7f0,02/04/2023,
6,31/05/2023,E00980,191bf9d7-c63d-4ab4-9e4f-24247a43f502,09/04/2023,
6,31/05/2023,E00175,e4092600-a411-4d73-9129-3e57b402e2bf,23/04/2023,
6,31/05/2023,E01510,42446b1d-5045-49ab-a2f1-92a3bed7726d,26/04/2023,
6,31/05/2023,E00856,dffa5e7e-70d9-4d8d-a04f-e96f62b3a576,25/04/2023,
6,31/05/2023,E01228,a70c9975-f4b8-444d-a15a-b0c8cefb2c4f,27/04/2023,
6,31/05/2023,E01140,507419ca-76b6-4e96-b649-b3634b54551c,25/04/2023,
6,31/05/2023,E00038,2b35fc1b-522e-4f7a-aea6-1706a93e2824,24/04/2023,
6,31/05/2023,E00252,6a73052c-b364-49ce-91b6-bba53b9e0d0d,15/05/2023,
6,31/05/2023,E01327,9760eaf4-0408-4ca2-9107-cbdeb4d72a7f,10/05/2023,
6,31/05/2023,E00342,62778230-325e-4096-ae50-0444c3fc2e1b,22/05/2023,
6,31/05/2023,E00728,a7f2ebb3-17b6-4295-9bf1-6cacb0d779fd,22/05/2023,
6,31/05/2023,E00303,33457bab-f4dd-403f-b2ad-ff53bb9a3972,27/05/2023,
6,31/05/2023,E00445,48390fff-8821-4fdf-a3ce-9650ac980c5d,02/05/2023,
6,31/05/2023,E00953,d67b0497-7d52-42ad-920e-b759139130a0,19/05/2023,
6,31/05/2023,E00758,60c7a682-0c00-4b12-b8f7-bb17bddc3155,14/05/2023,
6,31/05/2023,E00165,743e548d-eed9-4c13-adfe-8981fa35c932,27/05/2023,
6,31/05/2023,E00857,5a0e911d-8e22-4e77-a26d-16c91a1c8c87,21/05/2023,
6,30/06/2023,E00872,dfb75e30-e218-4919-a93e-396d60f3d97e,19/11/2019,
6,30/06/2023,E01423,7b649d2d-b337-4e56-a948-b9fa147a2bff,14/11/2019,
6,30/06/2023,E00558,47ef24e1-67b3-4e61-8ee5-d1ee8b57f61b,13/01/2020,
6,30/06/2023,E01043,ea005c4d-3315-402e-b5b3-2adb6200bbe5,22/04/2020,
6,30/06/2023,E01389,3d32fca2-0292-42c2-a711-ce242e2a4cdc,09/05/2020,
6,30/06/2023,E00071,f8cbda5b-81ed-40ac-919f-43b57115ade6,03/09/2020,
6,30/06/2023,E00202,71805088-7656-4507-99b7-fdb3d3598d87,17/04/2021,
6,30/06/2023,E00817,3d17807a-db6a-493d-9296-1ad79f395369,24/04/2021,
6,30/06/2023,E00145,b8f71620-d6c2-494f-84c4-2c728072fc7a,19/05/2021,
6,30/06/2023,E00559,7a81243a-0aa6-4072-bb10-b1d8cb3fadd3,26/07/2021,
6,30/06/2023,E00645,bf6d8641-b138-41d4-a38d-23c389e07f9e,14/08/2021,
6,30/06/2023,E00966,d6d3b31c-37ae-46d9-b5f7-257fb2691b33,04/08/2021,
6,30/06/2023,E01291,4d5ff8a9-2ef0-4d32-8a18-32ba86cd58f0,06/10/2021,
6,30/06/2023,E01053,bcdc3569-d8c2-46ab-9de0-36f79237e22d,01/11/2021,
1,30/06/2023,E00223,c4f1c3cc-04ab-44b3-af22-59675acfee52,01/01/2023,
6,30/06/2023,E00965,b21406f2-2cd4-479c-85da-326eecd9983e,26/02/2022,
6,30/06/2023,E01091,2cb9bff2-b2d5-48fc-92b5-bb6931c8553f,12/03/2022,
6,30/06/2023,E00478,c2f53247-4446-4d6e-8e36-ebb5c103b7f8,07/03/2022,
6,30/06/2023,E01224,118f6ddc-f9f6-4b41-9d01-494403ced978,10/03/2022,
6,30/06/2023,E01286,ba14ff0e-9df7-448c-9faf-4f3857d5fb76,01/04/2022,
3,30/06/2023,E01299,595c8038-2787-4eb8-9d7c-926977a3f194,06/12/2022,
6,30/06/2023,E01065,b49981cc-6a9d-415d-8add-aa5396c0d7ee,26/04/2022,
6,30/06/2023,E00863,afa0cb22-5e7b-4fbb-b231-b3a1c75d4804,18/04/2022,
6,30/06/2023,E00258,b2ba8289-3f7f-4c5b-bb12-5377896c28dc,27/04/2022,
6,30/06/2023,E00330,f113d215-a6f1-41a7-b206-3a4a3a4fcf85,01/04/2022,
6,30/06/2023,E00481,7ad7fbd6-644e-4199-ab6f-60355633c50d,28/05/2022,
6,30/06/2023,E01243,30605230-7200-41e2-bb6b-44fa323c2c26,16/05/2022,
2,30/06/2023,E00404,3f99150d-7fc5-4697-8afd-82309e9515fd,07/10/2022,
6,30/06/2023,E00903,b845ff66-0107-4ca0-a8c7-87d48573d0d1,11/06/2022,
6,30/06/2023,E00748,94f05f23-cc8c-42d0-b38f-6febb65c49c9,22/11/2022,
6,30/06/2023,E00618,be30b0de-a94c-4baa-a79d-f669fa03818f,28/12/2022,
6,30/06/2023,E00111,505ec663-4282-4f21-a0b4-ee7ac293960c,18/12/2022,
6,30/06/2023,E00051,d8fb5b95-1f16-455a-8074-4bf2f2a36d9f,30/01/2023,
6,30/06/2023,E00470,cdf7c4a1-162a-4647-965a-4db0ea0c34bf,21/01/2023,
6,30/06/2023,E00310,016b2f7a-c315-4ad9-acd3-fc8bc9fa2a7d,03/01/2023,
6,30/06/2023,E00561,03e4e638-9ef3-4bf0-afc6-dee39aba207e,21/01/2023,
6,30/06/2023,E00650,81e6af63-3792-4a95-a776-3186f26a8c98,13/02/2023,
6,30/06/2023,E00438,7e37efe5-7566-4ee8-b70d-14eb1fa980f8,09/02/2023,
6,30/06/2023,E00747,b58af9f0-83bb-4ba6-93ce-fa6dcd7f6513,28/02/2023,
6,30/06/2023,E00325,e484c02a-316e-4c37-aefc-dfd84f2b26dc,25/02/2023,
6,30/06/2023,E00689,c2b6d1d9-ae24-48c5-a071-da06ab5cc380,16/02/2023,
6,30/06/2023,E01456,c4cb1ab7-dc81-4f4f-a911-ea806e6c000c,19/03/2023,
6,30/06/2023,E00185,548a6c3b-8381-4250-b5bd-7e9a208e696e,18/03/2023,
6,30/06/2023,E00082,7bfce136-09cb-4136-926f-9a002a37b0c9,02/03/2023,
6,30/06/2023,E01293,ea6e5cec-ed04-4dfc-8c60-efb3f0061962,17/03/2023,
6,30/06/2023,E00003,16d3207c-8a95-4abb-9d6b-46215ab73d83,20/03/2023,20/06/2023
6,30/06/2023,E00575,c8638624-992b-4266-9678-0343f721be4e,28/03/2023,
6,30/06/2023,E00915,0733d491-d8ab-452d-a054-6ce68369f46a,16/03/2023,
6,30/06/2023,E00900,8043be1e-f7a6-465d-becc-22b8301315bc,04/03/2023,
6,30/06/2023,E01058,d5238aba-019b-4d3c-9fc5-df736bd81825,22/03/2023,17/06/2023
6,30/06/2023,E00557,ac889c01-a1b2-45e9-ba30-d41d3b1ae5b7,08/03/2023,
6,30/06/2023,E00318,d2283619-3958-4122-a8ee-a07b7e1bb4f7,08/04/2023,
6,30/06/2023,E00434,6418fcac-0a46-4351-a7d6-2e98987ca7f0,02/04/2023,
6,30/06/2023,E00980,191bf9d7-c63d-4ab4-9e4f-24247a43f502,09/04/2023,17/06/2023
6,30/06/2023,E00175,e4092600-a411-4d73-9129-3e57b402e2bf,23/04/2023,
6,30/06/2023,E01510,42446b1d-5045-49ab-a2f1-92a3bed7726d,26/04/2023,
6,30/06/2023,E00856,dffa5e7e-70d9-4d8d-a04f-e96f62b3a576,25/04/2023,
6,30/06/2023,E01228,a70c9975-f4b8-444d-a15a-b0c8cefb2c4f,27/04/2023,
6,30/06/2023,E01140,507419ca-76b6-4e96-b649-b3634b54551c,25/04/2023,
6,30/06/2023,E00038,2b35fc1b-522e-4f7a-aea6-1706a93e2824,24/04/2023,
6,30/06/2023,E00252,6a73052c-b364-49ce-91b6-bba53b9e0d0d,15/05/2023,
6,30/06/2023,E01327,9760eaf4-0408-4ca2-9107-cbdeb4d72a7f,10/05/2023,
6,30/06/2023,E00342,62778230-325e-4096-ae50-0444c3fc2e1b,22/05/2023,
6,30/06/2023,E00728,a7f2ebb3-17b6-4295-9bf1-6cacb0d779fd,22/05/2023,
6,30/06/2023,E00303,33457bab-f4dd-403f-b2ad-ff53bb9a3972,27/05/2023,
6,30/06/2023,E00445,48390fff-8821-4fdf-a3ce-9650ac980c5d,02/05/2023,
6,30/06/2023,E00953,d67b0497-7d52-42ad-920e-b759139130a0,19/05/2023,26/06/2023
6,30/06/2023,E00758,60c7a682-0c00-4b12-b8f7-bb17bddc3155,14/05/2023,
6,30/06/2023,E00165,743e548d-eed9-4c13-adfe-8981fa35c932,27/05/2023,
6,30/06/2023,E00857,5a0e911d-8e22-4e77-a26d-16c91a1c8c87,21/05/2023,
6,30/06/2023,E00865,48d0f3f6-6a02-4881-86be-a7ac7df3436d,26/06/2023,
6,30/06/2023,E00267,24bd84de-aafb-48d7-a2ea-fc992939d41c,30/06/2023,
6,30/06/2023,E01139,5a5bb7eb-9ba1-45e4-9961-4b4cbd11acbd,15/06/2023,
6,30/06/2023,E01116,25792680-eaaa-4148-b7a2-3c3be9770e59,04/06/2023,
6,30/06/2023,E00340,d78836d4-ff9b-46ad-91ca-f1c9084dfc00,13/06/2023,
6,30/06/2023,E00489,9bfcd0a7-77ef-4b83-9485-af614731f861,18/06/2023,
6,30/06/2023,E00663,8c47aa9d-8f64-4396-954a-92a7edef10b6,26/06/2023,
6,30/06/2023,E00503,a4b26553-defb-4ed7-b42f-eb50313be292,05/06/2023,
6,30/06/2023,E00081,e1187780-e015-4711-a602-e8ea7bd80aa0,16/06/2023,
6,30/11/2021,E00014,e83cd918-d05c-4ba8-93a6-da8a73ca6f96,29/11/2021,
6,31/12/2021,E00014,e83cd918-d05c-4ba8-93a6-da8a73ca6f96,29/11/2021,
6,31/01/2022,E00014,e83cd918-d05c-4ba8-93a6-da8a73ca6f96,29/11/2021,
6,28/02/2022,E00014,e83cd918-d05c-4ba8-93a6-da8a73ca6f96,29/11/2021,
6,31/03/2022,E00014,e83cd918-d05c-4ba8-93a6-da8a73ca6f96,29/11/2021,
6,30/04/2022,E00014,e83cd918-d05c-4ba8-93a6-da8a73ca6f96,29/11/2021,
6,31/05/2022,E00014,e83cd918-d05c-4ba8-93a6-da8a73ca6f96,29/11/2021,
6,30/06/2022,E00014,e83cd918-d05c-4ba8-93a6-da8a73ca6f96,29/11/2021,
6,31/07/2022,E00014,e83cd918-d05c-4ba8-93a6-da8a73ca6f96,29/11/2021,
6,31/08/2022,E00014,e83cd918-d05c-4ba8-93a6-da8a73ca6f96,29/11/2021,
6,30/09/2022,E00014,e83cd918-d05c-4ba8-93a6-da8a73ca6f96,29/11/2021,
6,31/10/2022,E00014,e83cd918-d05c-4ba8-93a6-da8a73ca6f96,29/11/2021,
6,30/11/2022,E00014,e83cd918-d05c-4ba8-93a6-da8a73ca6f96,29/11/2021,
6,31/12/2022,E00014,e83cd918-d05c-4ba8-93a6-da8a73ca6f96,29/11/2021,
6,31/01/2023,E00014,e83cd918-d05c-4ba8-93a6-da8a73ca6f96,29/11/2021,
6,28/02/2023,E00014,e83cd918-d05c-4ba8-93a6-da8a73ca6f96,29/11/2021,
6,31/03/2023,E00014,e83cd918-d05c-4ba8-93a6-da8a73ca6f96,29/11/2021,
6,30/04/2023,E00014,e83cd918-d05c-4ba8-93a6-da8a73ca6f96,29/11/2021,
6,31/05/2023,E00014,e83cd918-d05c-4ba8-93a6-da8a73ca6f96,29/11/2021,
6,30/06/2023,E00014,e83cd918-d05c-4ba8-93a6-da8a73ca6f96,29/11/2021,
2,31/07/2022,E00034,7beab3c0-a02e-4064-ada7-735d388253ce,29/07/2022,
2,31/08/2022,E00034,7beab3c0-a02e-4064-ada7-735d388253ce,29/07/2022,
2,30/09/2022,E00034,7beab3c0-a02e-4064-ada7-735d388253ce,29/07/2022,
2,31/10/2022,E00034,7beab3c0-a02e-4064-ada7-735d388253ce,29/07/2022,
2,30/11/2022,E00034,7beab3c0-a02e-4064-ada7-735d388253ce,29/07/2022,
2,31/12/2022,E00034,7beab3c0-a02e-4064-ada7-735d388253ce,29/07/2022,
2,31/01/2023,E00034,7beab3c0-a02e-4064-ada7-735d388253ce,29/07/2022,
2,28/02/2023,E00034,7beab3c0-a02e-4064-ada7-735d388253ce,29/07/2022,
2,31/03/2023,E00034,7beab3c0-a02e-4064-ada7-735d388253ce,29/07/2022,
2,30/04/2023,E00034,7beab3c0-a02e-4064-ada7-735d388253ce,29/07/2022,
2,31/05/2023,E00034,7beab3c0-a02e-4064-ada7-735d388253ce,29/07/2022,
2,30/06/2023,E00034,7beab3c0-a02e-4064-ada7-735d388253ce,29/07/2022,
4,31/03/2023,E00043,774c9d3f-4911-4dbb-8574-10cf56777a6b,27/03/2023,
4,30/04/2023,E00043,774c9d3f-4911-4dbb-8574-10cf56777a6b,27/03/2023,
4,31/05/2023,E00043,774c9d3f-4911-4dbb-8574-10cf56777a6b,27/03/2023,
4,30/06/2023,E00043,774c9d3f-4911-4dbb-8574-10cf56777a6b,27/03/2023,
5,30/04/2022,E00048,d8ef1d37-0a9c-4e59-adf6-714a14949cd9,28/04/2022,
5,31/05/2022,E00048,d8ef1d37-0a9c-4e59-adf6-714a14949cd9,28/04/2022,
5,30/06/2022,E00048,d8ef1d37-0a9c-4e59-adf6-714a14949cd9,28/04/2022,
5,31/07/2022,E00048,d8ef1d37-0a9c-4e59-adf6-714a14949cd9,28/04/2022,
5,31/08/2022,E00048,d8ef1d37-0a9c-4e59-adf6-714a14949cd9,28/04/2022,
5,30/09/2022,E00048,d8ef1d37-0a9c-4e59-adf6-714a14949cd9,28/04/2022,
5,31/10/2022,E00048,d8ef1d37-0a9c-4e59-adf6-714a14949cd9,28/04/2022,
5,30/11/2022,E00048,d8ef1d37-0a9c-4e59-adf6-714a14949cd9,28/04/2022,
5,31/12/2022,E00048,d8ef1d37-0a9c-4e59-adf6-714a14949cd9,28/04/2022,
5,31/01/2023,E00048,d8ef1d37-0a9c-4e59-adf6-714a14949cd9,28/04/2022,
5,28/02/2023,E00048,d8ef1d37-0a9c-4e59-adf6-714a14949cd9,28/04/2022,
5,31/03/2023,E00048,d8ef1d37-0a9c-4e59-adf6-714a14949cd9,28/04/2022,
5,30/04/2023,E00048,d8ef1d37-0a9c-4e59-adf6-714a14949cd9,28/04/2022,
5,31/05/2023,E00048,d8ef1d37-0a9c-4e59-adf6-714a14949cd9,28/04/2022,
5,30/06/2023,E00048,d8ef1d37-0a9c-4e59-adf6-714a14949cd9,28/04/2022,
6,31/05/2021,E00137,e9ade065-b9ff-4d02-b691-a76dbda71c18,30/05/2021,
6,30/06/2021,E00137,e9ade065-b9ff-4d02-b691-a76dbda71c18,30/05/2021,
6,31/07/2021,E00137,e9ade065-b9ff-4d02-b691-a76dbda71c18,30/05/2021,
6,31/08/2021,E00137,e9ade065-b9ff-4d02-b691-a76dbda71c18,30/05/2021,
6,30/09/2021,E00137,e9ade065-b9ff-4d02-b691-a76dbda71c18,30/05/2021,
6,31/10/2021,E00137,e9ade065-b9ff-4d02-b691-a76dbda71c18,30/05/2021,
6,30/11/2021,E00137,e9ade065-b9ff-4d02-b691-a76dbda71c18,30/05/2021,
6,31/12/2021,E00137,e9ade065-b9ff-4d02-b691-a76dbda71c18,30/05/2021,
6,31/01/2022,E00137,e9ade065-b9ff-4d02-b691-a76dbda71c18,30/05/2021,
6,28/02/2022,E00137,e9ade065-b9ff-4d02-b691-a76dbda71c18,30/05/2021,
6,31/03/2022,E00137,e9ade065-b9ff-4d02-b691-a76dbda71c18,30/05/2021,
6,30/04/2022,E00137,e9ade065-b9ff-4d02-b691-a76dbda71c18,30/05/2021,
6,31/05/2022,E00137,e9ade065-b9ff-4d02-b691-a76dbda71c18,30/05/2021,
6,30/06/2022,E00137,e9ade065-b9ff-4d02-b691-a76dbda71c18,30/05/2021,
6,31/07/2022,E00137,e9ade065-b9ff-4d02-b691-a76dbda71c18,30/05/2021,
6,31/08/2022,E00137,e9ade065-b9ff-4d02-b691-a76dbda71c18,30/05/2021,
6,30/09/2022,E00137,e9ade065-b9ff-4d02-b691-a76dbda71c18,30/05/2021,
6,31/10/2022,E00137,e9ade065-b9ff-4d02-b691-a76dbda71c18,30/05/2021,
6,30/11/2022,E00137,e9ade065-b9ff-4d02-b691-a76dbda71c18,30/05/2021,
6,31/12/2022,E00137,e9ade065-b9ff-4d02-b691-a76dbda71c18,30/05/2021,
6,31/01/2023,E00137,e9ade065-b9ff-4d02-b691-a76dbda71c18,30/05/2021,
6,28/02/2023,E00137,e9ade065-b9ff-4d02-b691-a76dbda71c18,30/05/2021,
6,31/03/2023,E00137,e9ade065-b9ff-4d02-b691-a76dbda71c18,30/05/2021,
6,30/04/2023,E00137,e9ade065-b9ff-4d02-b691-a76dbda71c18,30/05/2021,
6,31/05/2023,E00137,e9ade065-b9ff-4d02-b691-a76dbda71c18,30/05/2021,
6,30/06/2023,E00137,e9ade065-b9ff-4d02-b691-a76dbda71c18,30/05/2021,
6,31/01/2021,E00179,82249319-c367-4c44-969c-42ac5f07e4cd,26/01/2021,
6,28/02/2021,E00179,82249319-c367-4c44-969c-42ac5f07e4cd,26/01/2021,
6,31/03/2021,E00179,82249319-c367-4c44-969c-42ac5f07e4cd,26/01/2021,
6,30/04/2021,E00179,82249319-c367-4c44-969c-42ac5f07e4cd,26/01/2021,
6,31/05/2021,E00179,82249319-c367-4c44-969c-42ac5f07e4cd,26/01/2021,
6,30/06/2021,E00179,82249319-c367-4c44-969c-42ac5f07e4cd,26/01/2021,
6,31/07/2021,E00179,82249319-c367-4c44-969c-42ac5f07e4cd,26/01/2021,
6,31/08/2021,E00179,82249319-c367-4c44-969c-42ac5f07e4cd,26/01/2021,
6,30/09/2021,E00179,82249319-c367-4c44-969c-42ac5f07e4cd,26/01/2021,
6,31/10/2021,E00179,82249319-c367-4c44-969c-42ac5f07e4cd,26/01/2021,
6,30/11/2021,E00179,82249319-c367-4c44-969c-42ac5f07e4cd,26/01/2021,
6,31/12/2021,E00179,82249319-c367-4c44-969c-42ac5f07e4cd,26/01/2021,
6,31/01/2022,E00179,82249319-c367-4c44-969c-42ac5f07e4cd,26/01/2021,
6,28/02/2022,E00179,82249319-c367-4c44-969c-42ac5f07e4cd,26/01/2021,
6,31/03/2022,E00179,82249319-c367-4c44-969c-42ac5f07e4cd,26/01/2021,
6,30/04/2022,E00179,82249319-c367-4c44-969c-42ac5f07e4cd,26/01/2021,
6,31/05/2022,E00179,82249319-c367-4c44-969c-42ac5f07e4cd,26/01/2021,
6,30/06/2022,E00179,82249319-c367-4c44-969c-42ac5f07e4cd,26/01/2021,
6,31/07/2022,E00179,82249319-c367-4c44-969c-42ac5f07e4cd,26/01/2021,
6,31/08/2022,E00179,82249319-c367-4c44-969c-42ac5f07e4cd,26/01/2021,
6,30/09/2022,E00179,82249319-c367-4c44-969c-42ac5f07e4cd,26/01/2021,
6,31/10/2022,E00179,82249319-c367-4c44-969c-42ac5f07e4cd,26/01/2021,
6,30/11/2022,E00179,82249319-c367-4c44-969c-42ac5f07e4cd,26/01/2021,
6,31/12/2022,E00179,82249319-c367-4c44-969c-42ac5f07e4cd,26/01/2021,
6,31/01/2023,E00179,82249319-c367-4c44-969c-42ac5f07e4cd,26/01/2021,
6,28/02/2023,E00179,82249319-c367-4c44-969c-42ac5f07e4cd,26/01/2021,
6,31/03/2023,E00179,82249319-c367-4c44-969c-42ac5f07e4cd,26/01/2021,
6,30/04/2023,E00179,82249319-c367-4c44-969c-42ac5f07e4cd,26/01/2021,
6,31/05/2023,E00179,82249319-c367-4c44-969c-42ac5f07e4cd,26/01/2021,
6,30/06/2023,E00179,82249319-c367-4c44-969c-42ac5f07e4cd,26/01/2021,
6,31/03/2023,E00239,9dcb4ab3-f10d-4c0f-b1e6-b2ef46bd72c3,26/03/2023,
6,30/04/2023,E00239,9dcb4ab3-f10d-4c0f-b1e6-b2ef46bd72c3,26/03/2023,
6,31/05/2023,E00239,9dcb4ab3-f10d-4c0f-b1e6-b2ef46bd72c3,26/03/2023,
6,30/06/2023,E00239,9dcb4ab3-f10d-4c0f-b1e6-b2ef46bd72c3,26/03/2023,
3,31/05/2021,E00428,18ddba52-b1a4-46c0-ade2-119e387cc9bc,26/05/2021,
3,30/06/2021,E00428,18ddba52-b1a4-46c0-ade2-119e387cc9bc,26/05/2021,
3,31/07/2021,E00428,18ddba52-b1a4-46c0-ade2-119e387cc9bc,26/05/2021,
3,31/08/2021,E00428,18ddba52-b1a4-46c0-ade2-119e387cc9bc,26/05/2021,
3,30/09/2021,E00428,18ddba52-b1a4-46c0-ade2-119e387cc9bc,26/05/2021,
3,31/10/2021,E00428,18ddba52-b1a4-46c0-ade2-119e387cc9bc,26/05/2021,
3,30/11/2021,E00428,18ddba52-b1a4-46c0-ade2-119e387cc9bc,26/05/2021,
3,31/12/2021,E00428,18ddba52-b1a4-46c0-ade2-119e387cc9bc,26/05/2021,
3,31/01/2022,E00428,18ddba52-b1a4-46c0-ade2-119e387cc9bc,26/05/2021,
3,28/02/2022,E00428,18ddba52-b1a4-46c0-ade2-119e387cc9bc,26/05/2021,
3,31/03/2022,E00428,18ddba52-b1a4-46c0-ade2-119e387cc9bc,26/05/2021,
3,30/04/2022,E00428,18ddba52-b1a4-46c0-ade2-119e387cc9bc,26/05/2021,
3,31/05/2022,E00428,18ddba52-b1a4-46c0-ade2-119e387cc9bc,26/05/2021,
3,30/06/2022,E00428,18ddba52-b1a4-46c0-ade2-119e387cc9bc,26/05/2021,
3,31/07/2022,E00428,18ddba52-b1a4-46c0-ade2-119e387cc9bc,26/05/2021,
3,31/08/2022,E00428,18ddba52-b1a4-46c0-ade2-119e387cc9bc,26/05/2021,
3,30/09/2022,E00428,18ddba52-b1a4-46c0-ade2-119e387cc9bc,26/05/2021,
3,31/10/2022,E00428,18ddba52-b1a4-46c0-ade2-119e387cc9bc,26/05/2021,
3,30/11/2022,E00428,18ddba52-b1a4-46c0-ade2-119e387cc9bc,26/05/2021,
3,31/12/2022,E00428,18ddba52-b1a4-46c0-ade2-119e387cc9bc,26/05/2021,
3,31/03/2023,E00428,18ddba52-b1a4-46c0-ade2-119e387cc9bc,26/05/2021,
3,30/04/2023,E00428,18ddba52-b1a4-46c0-ade2-119e387cc9bc,26/05/2021,
3,31/05/2023,E00428,18ddba52-b1a4-46c0-ade2-119e387cc9bc,26/05/2021,
3,30/06/2023,E00428,18ddba52-b1a4-46c0-ade2-119e387cc9bc,26/05/2021,
4,30/09/2020,E00429,7d7a6d66-e0f5-4ca5-9e14-1cf373434a7a,26/09/2020,
4,31/10/2020,E00429,7d7a6d66-e0f5-4ca5-9e14-1cf373434a7a,26/09/2020,
4,30/11/2020,E00429,7d7a6d66-e0f5-4ca5-9e14-1cf373434a7a,26/09/2020,
4,31/12/2020,E00429,7d7a6d66-e0f5-4ca5-9e14-1cf373434a7a,26/09/2020,
4,31/01/2021,E00429,7d7a6d66-e0f5-4ca5-9e14-1cf373434a7a,26/09/2020,
4,28/02/2021,E00429,7d7a6d66-e0f5-4ca5-9e14-1cf373434a7a,26/09/2020,
4,31/03/2021,E00429,7d7a6d66-e0f5-4ca5-9e14-1cf373434a7a,26/09/2020,
4,30/04/2021,E00429,7d7a6d66-e0f5-4ca5-9e14-1cf373434a7a,26/09/2020,
4,31/05/2021,E00429,7d7a6d66-e0f5-4ca5-9e14-1cf373434a7a,26/09/2020,
4,30/06/2021,E00429,7d7a6d66-e0f5-4ca5-9e14-1cf373434a7a,26/09/2020,
4,31/07/2021,E00429,7d7a6d66-e0f5-4ca5-9e14-1cf373434a7a,26/09/2020,
4,31/08/2021,E00429,7d7a6d66-e0f5-4ca5-9e14-1cf373434a7a,26/09/2020,
4,30/09/2021,E00429,7d7a6d66-e0f5-4ca5-9e14-1cf373434a7a,26/09/2020,
4,31/10/2021,E00429,7d7a6d66-e0f5-4ca5-9e14-1cf373434a7a,26/09/2020,
4,30/11/2021,E00429,7d7a6d66-e0f5-4ca5-9e14-1cf373434a7a,26/09/2020,
4,31/12/2021,E00429,7d7a6d66-e0f5-4ca5-9e14-1cf373434a7a,26/09/2020,
4,31/01/2022,E00429,7d7a6d66-e0f5-4ca5-9e14-1cf373434a7a,26/09/2020,
4,28/02/2022,E00429,7d7a6d66-e0f5-4ca5-9e14-1cf373434a7a,26/09/2020,
4,31/03/2022,E00429,7d7a6d66-e0f5-4ca5-9e14-1cf373434a7a,26/09/2020,
4,30/04/2022,E00429,7d7a6d66-e0f5-4ca5-9e14-1cf373434a7a,26/09/2020,
4,31/05/2022,E00429,7d7a6d66-e0f5-4ca5-9e14-1cf373434a7a,26/09/2020,
4,30/06/2022,E00429,7d7a6d66-e0f5-4ca5-9e14-1cf373434a7a,26/09/2020,
4,31/07/2022,E00429,7d7a6d66-e0f5-4ca5-9e14-1cf373434a7a,26/09/2020,
4,31/08/2022,E00429,7d7a6d66-e0f5-4ca5-9e14-1cf373434a7a,26/09/2020,
4,30/09/2022,E00429,7d7a6d66-e0f5-4ca5-9e14-1cf373434a7a,26/09/2020,
4,31/10/2022,E00429,7d7a6d66-e0f5-4ca5-9e14-1cf373434a7a,26/09/2020,
4,30/11/2022,E00429,7d7a6d66-e0f5-4ca5-9e14-1cf373434a7a,26/09/2020,
4,31/12/2022,E00429,7d7a6d66-e0f5-4ca5-9e14-1cf373434a7a,26/09/2020,
4,31/01/2023,E00429,7d7a6d66-e0f5-4ca5-9e14-1cf373434a7a,26/09/2020,
4,28/02/2023,E00429,7d7a6d66-e0f5-4ca5-9e14-1cf373434a7a,26/09/2020,
4,31/03/2023,E00429,7d7a6d66-e0f5-4ca5-9e14-1cf373434a7a,26/09/2020,
4,30/04/2023,E00429,7d7a6d66-e0f5-4ca5-9e14-1cf373434a7a,26/09/2020,
4,31/05/2023,E00429,7d7a6d66-e0f5-4ca5-9e14-1cf373434a7a,26/09/2020,
4,30/06/2023,E00429,7d7a6d66-e0f5-4ca5-9e14-1cf373434a7a,26/09/2020,
2,31/03/2022,E00439,4b0407c8-2fdf-4cc9-ade9-6f6974509e40,28/03/2022,
2,30/04/2022,E00439,4b0407c8-2fdf-4cc9-ade9-6f6974509e40,28/03/2022,
2,31/05/2022,E00439,4b0407c8-2fdf-4cc9-ade9-6f6974509e40,28/03/2022,
2,30/06/2022,E00439,4b0407c8-2fdf-4cc9-ade9-6f6974509e40,28/03/2022,
2,31/07/2022,E00439,4b0407c8-2fdf-4cc9-ade9-6f6974509e40,28/03/2022,
2,31/08/2022,E00439,4b0407c8-2fdf-4cc9-ade9-6f6974509e40,28/03/2022,
2,30/09/2022,E00439,4b0407c8-2fdf-4cc9-ade9-6f6974509e40,28/03/2022,
2,31/10/2022,E00439,4b0407c8-2fdf-4cc9-ade9-6f6974509e40,28/03/2022,
2,30/11/2022,E00439,4b0407c8-2fdf-4cc9-ade9-6f6974509e40,28/03/2022,
2,31/12/2022,E00439,4b0407c8-2fdf-4cc9-ade9-6f6974509e40,28/03/2022,
2,31/01/2023,E00439,4b0407c8-2fdf-4cc9-ade9-6f6974509e40,28/03/2022,
2,28/02/2023,E00439,4b0407c8-2fdf-4cc9-ade9-6f6974509e40,28/03/2022,
2,31/03/2023,E00439,4b0407c8-2fdf-4cc9-ade9-6f6974509e40,28/03/2022,
2,30/04/2023,E00439,4b0407c8-2fdf-4cc9-ade9-6f6974509e40,28/03/2022,
2,31/05/2023,E00439,4b0407c8-2fdf-4cc9-ade9-6f6974509e40,28/03/2022,
2,30/06/2023,E00439,4b0407c8-2fdf-4cc9-ade9-6f6974509e40,28/03/2022,
5,31/03/2021,E00592,a254b645-1742-44e4-9392-d93f3c056dd8,01/03/2021,
5,30/04/2021,E00592,a254b645-1742-44e4-9392-d93f3c056dd8,01/03/2021,
5,31/05/2021,E00592,a254b645-1742-44e4-9392-d93f3c056dd8,01/03/2021,
5,30/06/2021,E00592,a254b645-1742-44e4-9392-d93f3c056dd8,01/03/2021,
5,31/07/2021,E00592,a254b645-1742-44e4-9392-d93f3c056dd8,01/03/2021,
5,31/08/2021,E00592,a254b645-1742-44e4-9392-d93f3c056dd8,01/03/2021,
5,30/09/2021,E00592,a254b645-1742-44e4-9392-d93f3c056dd8,01/03/2021,
5,31/10/2021,E00592,a254b645-1742-44e4-9392-d93f3c056dd8,01/03/2021,
5,30/11/2021,E00592,a254b645-1742-44e4-9392-d93f3c056dd8,01/03/2021,
5,31/12/2021,E00592,a254b645-1742-44e4-9392-d93f3c056dd8,01/03/2021,
5,31/01/2022,E00592,a254b645-1742-44e4-9392-d93f3c056dd8,01/03/2021,
5,28/02/2022,E00592,a254b645-1742-44e4-9392-d93f3c056dd8,01/03/2021,
5,31/03/2022,E00592,a254b645-1742-44e4-9392-d93f3c056dd8,01/03/2021,
5,30/04/2022,E00592,a254b645-1742-44e4-9392-d93f3c056dd8,01/03/2021,
5,31/05/2022,E00592,a254b645-1742-44e4-9392-d93f3c056dd8,01/03/2021,
5,30/06/2022,E00592,a254b645-1742-44e4-9392-d93f3c056dd8,01/03/2021,
5,31/07/2022,E00592,a254b645-1742-44e4-9392-d93f3c056dd8,01/03/2021,
5,31/08/2022,E00592,a254b645-1742-44e4-9392-d93f3c056dd8,01/03/2021,
5,30/09/2022,E00592,a254b645-1742-44e4-9392-d93f3c056dd8,01/03/2021,
5,31/10/2022,E00592,a254b645-1742-44e4-9392-d93f3c056dd8,01/03/2021,
5,30/11/2022,E00592,a254b645-1742-44e4-9392-d93f3c056dd8,01/03/2021,
5,31/12/2022,E00592,a254b645-1742-44e4-9392-d93f3c056dd8,01/03/2021,
5,31/01/2023,E00592,a254b645-1742-44e4-9392-d93f3c056dd8,01/03/2021,
5,28/02/2023,E00592,a254b645-1742-44e4-9392-d93f3c056dd8,01/03/2021,
5,31/03/2023,E00592,a254b645-1742-44e4-9392-d93f3c056dd8,01/03/2021,
5,30/04/2023,E00592,a254b645-1742-44e4-9392-d93f3c056dd8,01/03/2021,
5,31/05/2023,E00592,a254b645-1742-44e4-9392-d93f3c056dd8,01/03/2021,
5,30/06/2023,E00592,a254b645-1742-44e4-9392-d93f3c056dd8,01/03/2021,
6,31/07/2021,E00629,b1a9cdc6-c40e-4c42-ba64-d99e4b25eff4,29/07/2021,
6,31/08/2021,E00629,b1a9cdc6-c40e-4c42-ba64-d99e4b25eff4,29/07/2021,
6,30/09/2021,E00629,b1a9cdc6-c40e-4c42-ba64-d99e4b25eff4,29/07/2021,
6,31/10/2021,E00629,b1a9cdc6-c40e-4c42-ba64-d99e4b25eff4,29/07/2021,
6,30/11/2021,E00629,b1a9cdc6-c40e-4c42-ba64-d99e4b25eff4,29/07/2021,
6,31/12/2021,E00629,b1a9cdc6-c40e-4c42-ba64-d99e4b25eff4,29/07/2021,
6,31/01/2022,E00629,b1a9cdc6-c40e-4c42-ba64-d99e4b25eff4,29/07/2021,
6,28/02/2022,E00629,b1a9cdc6-c40e-4c42-ba64-d99e4b25eff4,29/07/2021,
6,31/03/2022,E00629,b1a9cdc6-c40e-4c42-ba64-d99e4b25eff4,29/07/2021,
6,30/04/2022,E00629,b1a9cdc6-c40e-4c42-ba64-d99e4b25eff4,29/07/2021,
6,31/05/2022,E00629,b1a9cdc6-c40e-4c42-ba64-d99e4b25eff4,29/07/2021,
6,30/06/2022,E00629,b1a9cdc6-c40e-4c42-ba64-d99e4b25eff4,29/07/2021,
6,31/07/2022,E00629,b1a9cdc6-c40e-4c42-ba64-d99e4b25eff4,29/07/2021,
6,31/08/2022,E00629,b1a9cdc6-c40e-4c42-ba64-d99e4b25eff4,29/07/2021,
6,30/09/2022,E00629,b1a9cdc6-c40e-4c42-ba64-d99e4b25eff4,29/07/2021,
6,31/10/2022,E00629,b1a9cdc6-c40e-4c42-ba64-d99e4b25eff4,29/07/2021,
6,30/11/2022,E00629,b1a9cdc6-c40e-4c42-ba64-d99e4b25eff4,29/07/2021,
6,31/12/2022,E00629,b1a9cdc6-c40e-4c42-ba64-d99e4b25eff4,29/07/2021,
6,31/01/2023,E00629,b1a9cdc6-c40e-4c42-ba64-d99e4b25eff4,29/07/2021,
6,28/02/2023,E00629,b1a9cdc6-c40e-4c42-ba64-d99e4b25eff4,29/07/2021,
6,31/03/2023,E00629,b1a9cdc6-c40e-4c42-ba64-d99e4b25eff4,29/07/2021,
6,30/04/2023,E00629,b1a9cdc6-c40e-4c42-ba64-d99e4b25eff4,29/07/2021,
6,31/05/2023,E00629,b1a9cdc6-c40e-4c42-ba64-d99e4b25eff4,29/07/2021,
6,30/06/2023,E00629,b1a9cdc6-c40e-4c42-ba64-d99e4b25eff4,29/07/2021,
4,31/01/2022,E00647,157f84b2-b027-46f8-aa24-d81490f587be,26/01/2022,
4,28/02/2022,E00647,157f84b2-b027-46f8-aa24-d81490f587be,26/01/2022,
4,31/03/2022,E00647,157f84b2-b027-46f8-aa24-d81490f587be,26/01/2022,
4,30/04/2022,E00647,157f84b2-b027-46f8-aa24-d81490f587be,26/01/2022,
4,31/05/2022,E00647,157f84b2-b027-46f8-aa24-d81490f587be,26/01/2022,
4,30/06/2022,E00647,157f84b2-b027-46f8-aa24-d81490f587be,26/01/2022,
4,31/07/2022,E00647,157f84b2-b027-46f8-aa24-d81490f587be,26/01/2022,
4,31/08/2022,E00647,157f84b2-b027-46f8-aa24-d81490f587be,26/01/2022,
4,30/09/2022,E00647,157f84b2-b027-46f8-aa24-d81490f587be,26/01/2022,
4,31/10/2022,E00647,157f84b2-b027-46f8-aa24-d81490f587be,26/01/2022,
4,30/11/2022,E00647,157f84b2-b027-46f8-aa24-d81490f587be,26/01/2022,
4,31/12/2022,E00647,157f84b2-b027-46f8-aa24-d81490f587be,26/01/2022,
4,31/01/2023,E00647,157f84b2-b027-46f8-aa24-d81490f587be,26/01/2022,
4,28/02/2023,E00647,157f84b2-b027-46f8-aa24-d81490f587be,26/01/2022,
4,31/03/2023,E00647,157f84b2-b027-46f8-aa24-d81490f587be,26/01/2022,
4,30/04/2023,E00647,157f84b2-b027-46f8-aa24-d81490f587be,26/01/2022,
4,31/05/2023,E00647,157f84b2-b027-46f8-aa24-d81490f587be,26/01/2022,
4,30/06/2023,E00647,157f84b2-b027-46f8-aa24-d81490f587be,26/01/2022,
4,30/11/2019,E00660,0b822c3f-4473-49f0-a8f8-934f890007b2,26/11/2019,
4,31/12/2019,E00660,0b822c3f-4473-49f0-a8f8-934f890007b2,26/11/2019,
4,31/01/2020,E00660,0b822c3f-4473-49f0-a8f8-934f890007b2,26/11/2019,
4,29/02/2020,E00660,0b822c3f-4473-49f0-a8f8-934f890007b2,26/11/2019,
4,31/03/2020,E00660,0b822c3f-4473-49f0-a8f8-934f890007b2,26/11/2019,
4,30/04/2020,E00660,0b822c3f-4473-49f0-a8f8-934f890007b2,26/11/2019,
4,31/05/2020,E00660,0b822c3f-4473-49f0-a8f8-934f890007b2,26/11/2019,
4,30/06/2020,E00660,0b822c3f-4473-49f0-a8f8-934f890007b2,26/11/2019,
4,31/07/2020,E00660,0b822c3f-4473-49f0-a8f8-934f890007b2,26/11/2019,
4,31/08/2020,E00660,0b822c3f-4473-49f0-a8f8-934f890007b2,26/11/2019,
4,30/09/2020,E00660,0b822c3f-4473-49f0-a8f8-934f890007b2,26/11/2019,
4,31/10/2020,E00660,0b822c3f-4473-49f0-a8f8-934f890007b2,26/11/2019,
4,30/11/2020,E00660,0b822c3f-4473-49f0-a8f8-934f890007b2,26/11/2019,
4,31/12/2020,E00660,0b822c3f-4473-49f0-a8f8-934f890007b2,26/11/2019,
4,31/01/2021,E00660,0b822c3f-4473-49f0-a8f8-934f890007b2,26/11/2019,
4,28/02/2021,E00660,0b822c3f-4473-49f0-a8f8-934f890007b2,26/11/2019,
4,31/03/2021,E00660,0b822c3f-4473-49f0-a8f8-934f890007b2,26/11/2019,
4,30/04/2021,E00660,0b822c3f-4473-49f0-a8f8-934f890007b2,26/11/2019,
4,31/05/2021,E00660,0b822c3f-4473-49f0-a8f8-934f890007b2,26/11/2019,
4,30/06/2021,E00660,0b822c3f-4473-49f0-a8f8-934f890007b2,26/11/2019,
4,31/07/2021,E00660,0b822c3f-4473-49f0-a8f8-934f890007b2,26/11/2019,
4,31/08/2021,E00660,0b822c3f-4473-49f0-a8f8-934f890007b2,26/11/2019,
4,30/09/2021,E00660,0b822c3f-4473-49f0-a8f8-934f890007b2,26/11/2019,
4,31/10/2021,E00660,0b822c3f-4473-49f0-a8f8-934f890007b2,26/11/2019,
4,30/11/2021,E00660,0b822c3f-4473-49f0-a8f8-934f890007b2,26/11/2019,
4,31/12/2021,E00660,0b822c3f-4473-49f0-a8f8-934f890007b2,26/11/2019,
4,31/01/2022,E00660,0b822c3f-4473-49f0-a8f8-934f890007b2,26/11/2019,
4,28/02/2022,E00660,0b822c3f-4473-49f0-a8f8-934f890007b2,26/11/2019,
4,31/03/2022,E00660,0b822c3f-4473-49f0-a8f8-934f890007b2,26/11/2019,
4,30/04/2022,E00660,0b822c3f-4473-49f0-a8f8-934f890007b2,26/11/2019,
4,31/05/2022,E00660,0b822c3f-4473-49f0-a8f8-934f890007b2,26/11/2019,
4,30/06/2022,E00660,0b822c3f-4473-49f0-a8f8-934f890007b2,26/11/2019,
4,31/07/2022,E00660,0b822c3f-4473-49f0-a8f8-934f890007b2,26/11/2019,
4,31/08/2022,E00660,0b822c3f-4473-49f0-a8f8-934f890007b2,26/11/2019,
4,30/09/2022,E00660,0b822c3f-4473-49f0-a8f8-934f890007b2,26/11/2019,
4,31/10/2022,E00660,0b822c3f-4473-49f0-a8f8-934f890007b2,26/11/2019,
4,30/11/2022,E00660,0b822c3f-4473-49f0-a8f8-934f890007b2,26/11/2019,
4,31/12/2022,E00660,0b822c3f-4473-49f0-a8f8-934f890007b2,26/11/2019,
4,31/01/2023,E00660,0b822c3f-4473-49f0-a8f8-934f890007b2,26/11/2019,
4,28/02/2023,E00660,0b822c3f-4473-49f0-a8f8-934f890007b2,26/11/2019,
4,31/03/2023,E00660,0b822c3f-4473-49f0-a8f8-934f890007b2,26/11/2019,
4,30/04/2023,E00660,0b822c3f-4473-49f0-a8f8-934f890007b2,26/11/2019,
4,31/05/2023,E00660,0b822c3f-4473-49f0-a8f8-934f890007b2,26/11/2019,
4,30/06/2023,E00660,0b822c3f-4473-49f0-a8f8-934f890007b2,26/11/2019,
6,31/05/2022,E00699,42ba3599-a9e5-4c3f-ae2c-e28cec7ec24d,29/05/2022,
6,30/06/2022,E00699,42ba3599-a9e5-4c3f-ae2c-e28cec7ec24d,29/05/2022,
6,31/07/2022,E00699,42ba3599-a9e5-4c3f-ae2c-e28cec7ec24d,29/05/2022,
6,31/08/2022,E00699,42ba3599-a9e5-4c3f-ae2c-e28cec7ec24d,29/05/2022,
6,30/09/2022,E00699,42ba3599-a9e5-4c3f-ae2c-e28cec7ec24d,29/05/2022,
6,31/10/2022,E00699,42ba3599-a9e5-4c3f-ae2c-e28cec7ec24d,29/05/2022,
6,30/11/2022,E00699,42ba3599-a9e5-4c3f-ae2c-e28cec7ec24d,29/05/2022,
6,31/12/2022,E00699,42ba3599-a9e5-4c3f-ae2c-e28cec7ec24d,29/05/2022,
6,31/01/2023,E00699,42ba3599-a9e5-4c3f-ae2c-e28cec7ec24d,29/05/2022,
6,28/02/2023,E00699,42ba3599-a9e5-4c3f-ae2c-e28cec7ec24d,29/05/2022,
6,31/03/2023,E00699,42ba3599-a9e5-4c3f-ae2c-e28cec7ec24d,29/05/2022,
6,30/04/2023,E00699,42ba3599-a9e5-4c3f-ae2c-e28cec7ec24d,29/05/2022,
6,31/05/2023,E00699,42ba3599-a9e5-4c3f-ae2c-e28cec7ec24d,29/05/2022,
6,30/06/2023,E00699,42ba3599-a9e5-4c3f-ae2c-e28cec7ec24d,29/05/2022,
3,28/02/2022,E00704,c627a77d-3edc-4583-9c68-d3cad66c1c9d,26/02/2022,
3,31/03/2022,E00704,c627a77d-3edc-4583-9c68-d3cad66c1c9d,26/02/2022,
3,30/04/2022,E00704,c627a77d-3edc-4583-9c68-d3cad66c1c9d,26/02/2022,
3,31/05/2022,E00704,c627a77d-3edc-4583-9c68-d3cad66c1c9d,26/02/2022,
3,30/06/2022,E00704,c627a77d-3edc-4583-9c68-d3cad66c1c9d,26/02/2022,
3,31/07/2022,E00704,c627a77d-3edc-4583-9c68-d3cad66c1c9d,26/02/2022,
3,31/08/2022,E00704,c627a77d-3edc-4583-9c68-d3cad66c1c9d,26/02/2022,
3,30/09/2022,E00704,c627a77d-3edc-4583-9c68-d3cad66c1c9d,26/02/2022,
3,31/10/2022,E00704,c627a77d-3edc-4583-9c68-d3cad66c1c9d,26/02/2022,
3,30/11/2022,E00704,c627a77d-3edc-4583-9c68-d3cad66c1c9d,26/02/2022,
3,31/12/2022,E00704,c627a77d-3edc-4583-9c68-d3cad66c1c9d,26/02/2022,
3,31/03/2023,E00704,c627a77d-3edc-4583-9c68-d3cad66c1c9d,26/02/2022,
3,30/04/2023,E00704,c627a77d-3edc-4583-9c68-d3cad66c1c9d,26/02/2022,
3,31/05/2023,E00704,c627a77d-3edc-4583-9c68-d3cad66c1c9d,26/02/2022,
3,30/06/2023,E00704,c627a77d-3edc-4583-9c68-d3cad66c1c9d,26/02/2022,
1,31/12/2022,E00729,bd1c2337-da15-43f5-ad8e-21970e4894b0,27/12/2022,
1,31/01/2023,E00729,bd1c2337-da15-43f5-ad8e-21970e4894b0,27/12/2022,
1,28/02/2023,E00729,bd1c2337-da15-43f5-ad8e-21970e4894b0,27/12/2022,
1,31/03/2023,E00729,bd1c2337-da15-43f5-ad8e-21970e4894b0,27/12/2022,
1,30/04/2023,E00729,bd1c2337-da15-43f5-ad8e-21970e4894b0,27/12/2022,
1,31/05/2023,E00729,bd1c2337-da15-43f5-ad8e-21970e4894b0,27/12/2022,
1,30/06/2023,E00729,bd1c2337-da15-43f5-ad8e-21970e4894b0,27/12/2022,
5,31/07/2021,E00739,d705ca65-0640-41d7-9d6c-11b47663f76a,26/07/2021,
5,31/08/2021,E00739,d705ca65-0640-41d7-9d6c-11b47663f76a,26/07/2021,
5,30/09/2021,E00739,d705ca65-0640-41d7-9d6c-11b47663f76a,26/07/2021,
5,31/10/2021,E00739,d705ca65-0640-41d7-9d6c-11b47663f76a,26/07/2021,
5,30/11/2021,E00739,d705ca65-0640-41d7-9d6c-11b47663f76a,26/07/2021,
5,31/12/2021,E00739,d705ca65-0640-41d7-9d6c-11b47663f76a,26/07/2021,
5,31/01/2022,E00739,d705ca65-0640-41d7-9d6c-11b47663f76a,26/07/2021,
5,28/02/2022,E00739,d705ca65-0640-41d7-9d6c-11b47663f76a,26/07/2021,
5,31/03/2022,E00739,d705ca65-0640-41d7-9d6c-11b47663f76a,26/07/2021,
5,30/04/2022,E00739,d705ca65-0640-41d7-9d6c-11b47663f76a,26/07/2021,
5,31/05/2022,E00739,d705ca65-0640-41d7-9d6c-11b47663f76a,26/07/2021,
5,30/06/2022,E00739,d705ca65-0640-41d7-9d6c-11b47663f76a,26/07/2021,
5,31/07/2022,E00739,d705ca65-0640-41d7-9d6c-11b47663f76a,26/07/2021,
5,31/08/2022,E00739,d705ca65-0640-41d7-9d6c-11b47663f76a,26/07/2021,
5,30/09/2022,E00739,d705ca65-0640-41d7-9d6c-11b47663f76a,26/07/2021,
5,31/10/2022,E00739,d705ca65-0640-41d7-9d6c-11b47663f76a,26/07/2021,
5,30/11/2022,E00739,d705ca65-0640-41d7-9d6c-11b47663f76a,26/07/2021,
5,31/12/2022,E00739,d705ca65-0640-41d7-9d6c-11b47663f76a,26/07/2021,
5,31/01/2023,E00739,d705ca65-0640-41d7-9d6c-11b47663f76a,26/07/2021,
5,28/02/2023,E00739,d705ca65-0640-41d7-9d6c-11b47663f76a,26/07/2021,
5,31/03/2023,E00739,d705ca65-0640-41d7-9d6c-11b47663f76a,26/07/2021,
5,30/04/2023,E00739,d705ca65-0640-41d7-9d6c-11b47663f76a,26/07/2021,
5,31/05/2023,E00739,d705ca65-0640-41d7-9d6c-11b47663f76a,26/07/2021,
5,30/06/2023,E00739,d705ca65-0640-41d7-9d6c-11b47663f76a,26/07/2021,
2,31/12/2021,E00760,28f50e14-70df-440e-9501-fcdc41281215,29/12/2021,
2,31/01/2022,E00760,28f50e14-70df-440e-9501-fcdc41281215,29/12/2021,
2,28/02/2022,E00760,28f50e14-70df-440e-9501-fcdc41281215,29/12/2021,
2,31/03/2022,E00760,28f50e14-70df-440e-9501-fcdc41281215,29/12/2021,
2,30/04/2022,E00760,28f50e14-70df-440e-9501-fcdc41281215,29/12/2021,
2,31/05/2022,E00760,28f50e14-70df-440e-9501-fcdc41281215,29/12/2021,
2,30/06/2022,E00760,28f50e14-70df-440e-9501-fcdc41281215,29/12/2021,
2,31/07/2022,E00760,28f50e14-70df-440e-9501-fcdc41281215,29/12/2021,
2,31/08/2022,E00760,28f50e14-70df-440e-9501-fcdc41281215,29/12/2021,
2,30/09/2022,E00760,28f50e14-70df-440e-9501-fcdc41281215,29/12/2021,
2,31/10/2022,E00760,28f50e14-70df-440e-9501-fcdc41281215,29/12/2021,
2,30/11/2022,E00760,28f50e14-70df-440e-9501-fcdc41281215,29/12/2021,
2,31/12/2022,E00760,28f50e14-70df-440e-9501-fcdc41281215,29/12/2021,
2,31/01/2023,E00760,28f50e14-70df-440e-9501-fcdc41281215,29/12/2021,
2,28/02/2023,E00760,28f50e14-70df-440e-9501-fcdc41281215,29/12/2021,
2,31/03/2023,E00760,28f50e14-70df-440e-9501-fcdc41281215,29/12/2021,
2,30/04/2023,E00760,28f50e14-70df-440e-9501-fcdc41281215,29/12/2021,
2,31/05/2023,E00760,28f50e14-70df-440e-9501-fcdc41281215,29/12/2021,
2,30/06/2023,E00760,28f50e14-70df-440e-9501-fcdc41281215,29/12/2021,
4,30/11/2020,E00764,17fd9c12-2d37-4993-b5e6-3a8d3f4ed3ab,25/11/2020,
4,31/12/2020,E00764,17fd9c12-2d37-4993-b5e6-3a8d3f4ed3ab,25/11/2020,
4,31/01/2021,E00764,17fd9c12-2d37-4993-b5e6-3a8d3f4ed3ab,25/11/2020,
4,28/02/2021,E00764,17fd9c12-2d37-4993-b5e6-3a8d3f4ed3ab,25/11/2020,
4,31/03/2021,E00764,17fd9c12-2d37-4993-b5e6-3a8d3f4ed3ab,25/11/2020,
4,30/04/2021,E00764,17fd9c12-2d37-4993-b5e6-3a8d3f4ed3ab,25/11/2020,
4,31/05/2021,E00764,17fd9c12-2d37-4993-b5e6-3a8d3f4ed3ab,25/11/2020,
4,30/06/2021,E00764,17fd9c12-2d37-4993-b5e6-3a8d3f4ed3ab,25/11/2020,
4,31/07/2021,E00764,17fd9c12-2d37-4993-b5e6-3a8d3f4ed3ab,25/11/2020,
4,31/08/2021,E00764,17fd9c12-2d37-4993-b5e6-3a8d3f4ed3ab,25/11/2020,
4,30/09/2021,E00764,17fd9c12-2d37-4993-b5e6-3a8d3f4ed3ab,25/11/2020,
4,31/10/2021,E00764,17fd9c12-2d37-4993-b5e6-3a8d3f4ed3ab,25/11/2020,
4,30/11/2021,E00764,17fd9c12-2d37-4993-b5e6-3a8d3f4ed3ab,25/11/2020,
4,31/12/2021,E00764,17fd9c12-2d37-4993-b5e6-3a8d3f4ed3ab,25/11/2020,
4,31/01/2022,E00764,17fd9c12-2d37-4993-b5e6-3a8d3f4ed3ab,25/11/2020,
4,28/02/2022,E00764,17fd9c12-2d37-4993-b5e6-3a8d3f4ed3ab,25/11/2020,
4,31/03/2022,E00764,17fd9c12-2d37-4993-b5e6-3a8d3f4ed3ab,25/11/2020,
4,30/04/2022,E00764,17fd9c12-2d37-4993-b5e6-3a8d3f4ed3ab,25/11/2020,
4,31/05/2022,E00764,17fd9c12-2d37-4993-b5e6-3a8d3f4ed3ab,25/11/2020,
4,30/06/2022,E00764,17fd9c12-2d37-4993-b5e6-3a8d3f4ed3ab,25/11/2020,
4,31/07/2022,E00764,17fd9c12-2d37-4993-b5e6-3a8d3f4ed3ab,25/11/2020,
4,31/08/2022,E00764,17fd9c12-2d37-4993-b5e6-3a8d3f4ed3ab,25/11/2020,
4,30/09/2022,E00764,17fd9c12-2d37-4993-b5e6-3a8d3f4ed3ab,25/11/2020,
4,31/10/2022,E00764,17fd9c12-2d37-4993-b5e6-3a8d3f4ed3ab,25/11/2020,
4,30/11/2022,E00764,17fd9c12-2d37-4993-b5e6-3a8d3f4ed3ab,25/11/2020,
4,31/12/2022,E00764,17fd9c12-2d37-4993-b5e6-3a8d3f4ed3ab,25/11/2020,
4,31/01/2023,E00764,17fd9c12-2d37-4993-b5e6-3a8d3f4ed3ab,25/11/2020,
4,28/02/2023,E00764,17fd9c12-2d37-4993-b5e6-3a8d3f4ed3ab,25/11/2020,
4,31/03/2023,E00764,17fd9c12-2d37-4993-b5e6-3a8d3f4ed3ab,25/11/2020,
4,30/04/2023,E00764,17fd9c12-2d37-4993-b5e6-3a8d3f4ed3ab,25/11/2020,
4,31/05/2023,E00764,17fd9c12-2d37-4993-b5e6-3a8d3f4ed3ab,25/11/2020,
4,30/06/2023,E00764,17fd9c12-2d37-4993-b5e6-3a8d3f4ed3ab,25/11/2020,
3,30/09/2022,E00765,2c711aa1-d7e4-490f-8883-b7e9582d684c,27/09/2022,
3,31/10/2022,E00765,2c711aa1-d7e4-490f-8883-b7e9582d684c,27/09/2022,
3,30/11/2022,E00765,2c711aa1-d7e4-490f-8883-b7e9582d684c,27/09/2022,
3,31/12/2022,E00765,2c711aa1-d7e4-490f-8883-b7e9582d684c,27/09/2022,
3,31/03/2023,E00765,2c711aa1-d7e4-490f-8883-b7e9582d684c,27/09/2022,
3,30/04/2023,E00765,2c711aa1-d7e4-490f-8883-b7e9582d684c,27/09/2022,
3,31/05/2023,E00765,2c711aa1-d7e4-490f-8883-b7e9582d684c,27/09/2022,
3,30/06/2023,E00765,2c711aa1-d7e4-490f-8883-b7e9582d684c,27/09/2022,
1,31/07/2022,E00820,ed1354b9-ecc4-4636-968c-6a3712d513a4,28/07/2022,
1,31/08/2022,E00820,ed1354b9-ecc4-4636-968c-6a3712d513a4,28/07/2022,
1,30/09/2022,E00820,ed1354b9-ecc4-4636-968c-6a3712d513a4,28/07/2022,
1,31/10/2022,E00820,ed1354b9-ecc4-4636-968c-6a3712d513a4,28/07/2022,
1,30/11/2022,E00820,ed1354b9-ecc4-4636-968c-6a3712d513a4,28/07/2022,
1,31/12/2022,E00820,ed1354b9-ecc4-4636-968c-6a3712d513a4,28/07/2022,
1,31/01/2023,E00820,ed1354b9-ecc4-4636-968c-6a3712d513a4,28/07/2022,
1,28/02/2023,E00820,ed1354b9-ecc4-4636-968c-6a3712d513a4,28/07/2022,
1,31/03/2023,E00820,ed1354b9-ecc4-4636-968c-6a3712d513a4,28/07/2022,
1,30/04/2023,E00820,ed1354b9-ecc4-4636-968c-6a3712d513a4,28/07/2022,
1,31/05/2023,E00820,ed1354b9-ecc4-4636-968c-6a3712d513a4,28/07/2022,
1,30/06/2023,E00820,ed1354b9-ecc4-4636-968c-6a3712d513a4,28/07/2022,
5,30/04/2021,E00858,a84531d4-721e-453d-b4b3-53abfa965a36,29/04/2021,
5,31/05/2021,E00858,a84531d4-721e-453d-b4b3-53abfa965a36,29/04/2021,
5,30/06/2021,E00858,a84531d4-721e-453d-b4b3-53abfa965a36,29/04/2021,
5,31/07/2021,E00858,a84531d4-721e-453d-b4b3-53abfa965a36,29/04/2021,
5,31/08/2021,E00858,a84531d4-721e-453d-b4b3-53abfa965a36,29/04/2021,
5,30/09/2021,E00858,a84531d4-721e-453d-b4b3-53abfa965a36,29/04/2021,
5,31/10/2021,E00858,a84531d4-721e-453d-b4b3-53abfa965a36,29/04/2021,
5,30/11/2021,E00858,a84531d4-721e-453d-b4b3-53abfa965a36,29/04/2021,
5,31/12/2021,E00858,a84531d4-721e-453d-b4b3-53abfa965a36,29/04/2021,
5,31/01/2022,E00858,a84531d4-721e-453d-b4b3-53abfa965a36,29/04/2021,
5,28/02/2022,E00858,a84531d4-721e-453d-b4b3-53abfa965a36,29/04/2021,
5,31/03/2022,E00858,a84531d4-721e-453d-b4b3-53abfa965a36,29/04/2021,
5,30/04/2022,E00858,a84531d4-721e-453d-b4b3-53abfa965a36,29/04/2021,
5,31/05/2022,E00858,a84531d4-721e-453d-b4b3-53abfa965a36,29/04/2021,
5,30/06/2022,E00858,a84531d4-721e-453d-b4b3-53abfa965a36,29/04/2021,
5,31/07/2022,E00858,a84531d4-721e-453d-b4b3-53abfa965a36,29/04/2021,
5,31/08/2022,E00858,a84531d4-721e-453d-b4b3-53abfa965a36,29/04/2021,
5,30/09/2022,E00858,a84531d4-721e-453d-b4b3-53abfa965a36,29/04/2021,
5,31/10/2022,E00858,a84531d4-721e-453d-b4b3-53abfa965a36,29/04/2021,
5,30/11/2022,E00858,a84531d4-721e-453d-b4b3-53abfa965a36,29/04/2021,
5,31/12/2022,E00858,a84531d4-721e-453d-b4b3-53abfa965a36,29/04/2021,
5,31/01/2023,E00858,a84531d4-721e-453d-b4b3-53abfa965a36,29/04/2021,
5,28/02/2023,E00858,a84531d4-721e-453d-b4b3-53abfa965a36,29/04/2021,
5,31/03/2023,E00858,a84531d4-721e-453d-b4b3-53abfa965a36,29/04/2021,
5,30/04/2023,E00858,a84531d4-721e-453d-b4b3-53abfa965a36,29/04/2021,
5,31/05/2023,E00858,a84531d4-721e-453d-b4b3-53abfa965a36,29/04/2021,
5,30/06/2023,E00858,a84531d4-721e-453d-b4b3-53abfa965a36,29/04/2021,
3,31/05/2022,E00869,b4965ccc-f7ea-4e9a-8e9c-31cacf101d5d,28/05/2022,
3,30/06/2022,E00869,b4965ccc-f7ea-4e9a-8e9c-31cacf101d5d,28/05/2022,
3,31/07/2022,E00869,b4965ccc-f7ea-4e9a-8e9c-31cacf101d5d,28/05/2022,
3,31/08/2022,E00869,b4965ccc-f7ea-4e9a-8e9c-31cacf101d5d,28/05/2022,
3,30/09/2022,E00869,b4965ccc-f7ea-4e9a-8e9c-31cacf101d5d,28/05/2022,
3,31/10/2022,E00869,b4965ccc-f7ea-4e9a-8e9c-31cacf101d5d,28/05/2022,
3,30/11/2022,E00869,b4965ccc-f7ea-4e9a-8e9c-31cacf101d5d,28/05/2022,
3,31/12/2022,E00869,b4965ccc-f7ea-4e9a-8e9c-31cacf101d5d,28/05/2022,
3,31/01/2023,E00869,b4965ccc-f7ea-4e9a-8e9c-31cacf101d5d,28/05/2022,31/01/2023
2,31/12/2022,E00904,6109518d-6cbb-4ea9-8ba9-4bea940ec2dd,27/12/2022,
2,31/01/2023,E00904,6109518d-6cbb-4ea9-8ba9-4bea940ec2dd,27/12/2022,
2,28/02/2023,E00904,6109518d-6cbb-4ea9-8ba9-4bea940ec2dd,27/12/2022,
2,31/03/2023,E00904,6109518d-6cbb-4ea9-8ba9-4bea940ec2dd,27/12/2022,
2,30/04/2023,E00904,6109518d-6cbb-4ea9-8ba9-4bea940ec2dd,27/12/2022,
2,31/05/2023,E00904,6109518d-6cbb-4ea9-8ba9-4bea940ec2dd,27/12/2022,
2,30/06/2023,E00904,6109518d-6cbb-4ea9-8ba9-4bea940ec2dd,27/12/2022,
1,31/10/2019,E00939,f799ab3c-7b3b-458f-bc62-d24f4269b967,28/10/2019,
1,30/11/2019,E00939,f799ab3c-7b3b-458f-bc62-d24f4269b967,28/10/2019,
1,31/12/2019,E00939,f799ab3c-7b3b-458f-bc62-d24f4269b967,28/10/2019,
1,31/01/2020,E00939,f799ab3c-7b3b-458f-bc62-d24f4269b967,28/10/2019,
1,29/02/2020,E00939,f799ab3c-7b3b-458f-bc62-d24f4269b967,28/10/2019,
1,31/03/2020,E00939,f799ab3c-7b3b-458f-bc62-d24f4269b967,28/10/2019,
1,30/04/2020,E00939,f799ab3c-7b3b-458f-bc62-d24f4269b967,28/10/2019,
1,31/05/2020,E00939,f799ab3c-7b3b-458f-bc62-d24f4269b967,28/10/2019,
1,30/06/2020,E00939,f799ab3c-7b3b-458f-bc62-d24f4269b967,28/10/2019,
1,31/07/2020,E00939,f799ab3c-7b3b-458f-bc62-d24f4269b967,28/10/2019,
1,31/08/2020,E00939,f799ab3c-7b3b-458f-bc62-d24f4269b967,28/10/2019,
1,30/09/2020,E00939,f799ab3c-7b3b-458f-bc62-d24f4269b967,28/10/2019,
1,31/10/2020,E00939,f799ab3c-7b3b-458f-bc62-d24f4269b967,28/10/2019,
1,30/11/2020,E00939,f799ab3c-7b3b-458f-bc62-d24f4269b967,28/10/2019,
1,31/12/2020,E00939,f799ab3c-7b3b-458f-bc62-d24f4269b967,28/10/2019,
1,31/01/2021,E00939,f799ab3c-7b3b-458f-bc62-d24f4269b967,28/10/2019,
1,28/02/2021,E00939,f799ab3c-7b3b-458f-bc62-d24f4269b967,28/10/2019,
1,31/03/2021,E00939,f799ab3c-7b3b-458f-bc62-d24f4269b967,28/10/2019,
1,30/04/2021,E00939,f799ab3c-7b3b-458f-bc62-d24f4269b967,28/10/2019,
1,31/05/2021,E00939,f799ab3c-7b3b-458f-bc62-d24f4269b967,28/10/2019,
1,30/06/2021,E00939,f799ab3c-7b3b-458f-bc62-d24f4269b967,28/10/2019,
1,31/07/2021,E00939,f799ab3c-7b3b-458f-bc62-d24f4269b967,28/10/2019,
1,31/08/2021,E00939,f799ab3c-7b3b-458f-bc62-d24f4269b967,28/10/2019,
1,30/09/2021,E00939,f799ab3c-7b3b-458f-bc62-d24f4269b967,28/10/2019,
1,31/10/2021,E00939,f799ab3c-7b3b-458f-bc62-d24f4269b967,28/10/2019,
1,30/11/2021,E00939,f799ab3c-7b3b-458f-bc62-d24f4269b967,28/10/2019,
1,31/12/2021,E00939,f799ab3c-7b3b-458f-bc62-d24f4269b967,28/10/2019,
1,31/01/2022,E00939,f799ab3c-7b3b-458f-bc62-d24f4269b967,28/10/2019,
1,28/02/2022,E00939,f799ab3c-7b3b-458f-bc62-d24f4269b967,28/10/2019,
1,31/03/2022,E00939,f799ab3c-7b3b-458f-bc62-d24f4269b967,28/10/2019,
1,30/04/2022,E00939,f799ab3c-7b3b-458f-bc62-d24f4269b967,28/10/2019,
1,31/05/2022,E00939,f799ab3c-7b3b-458f-bc62-d24f4269b967,28/10/2019,
1,30/06/2022,E00939,f799ab3c-7b3b-458f-bc62-d24f4269b967,28/10/2019,
1,31/07/2022,E00939,f799ab3c-7b3b-458f-bc62-d24f4269b967,28/10/2019,
1,31/08/2022,E00939,f799ab3c-7b3b-458f-bc62-d24f4269b967,28/10/2019,
1,30/09/2022,E00939,f799ab3c-7b3b-458f-bc62-d24f4269b967,28/10/2019,
1,31/10/2022,E00939,f799ab3c-7b3b-458f-bc62-d24f4269b967,28/10/2019,
1,30/11/2022,E00939,f799ab3c-7b3b-458f-bc62-d24f4269b967,28/10/2019,
1,31/12/2022,E00939,f799ab3c-7b3b-458f-bc62-d24f4269b967,28/10/2019,
1,31/01/2023,E00939,f799ab3c-7b3b-458f-bc62-d24f4269b967,28/10/2019,
1,28/02/2023,E00939,f799ab3c-7b3b-458f-bc62-d24f4269b967,28/10/2019,
1,31/03/2023,E00939,f799ab3c-7b3b-458f-bc62-d24f4269b967,28/10/2019,
1,30/04/2023,E00939,f799ab3c-7b3b-458f-bc62-d24f4269b967,28/10/2019,
1,31/05/2023,E00939,f799ab3c-7b3b-458f-bc62-d24f4269b967,28/10/2019,
1,30/06/2023,E00939,f799ab3c-7b3b-458f-bc62-d24f4269b967,28/10/2019,
3,30/04/2022,E00984,6bbc2367-3a20-4518-b964-848dc1c41d0c,29/04/2022,
3,31/05/2022,E00984,6bbc2367-3a20-4518-b964-848dc1c41d0c,29/04/2022,
3,30/06/2022,E00984,6bbc2367-3a20-4518-b964-848dc1c41d0c,29/04/2022,
3,31/07/2022,E00984,6bbc2367-3a20-4518-b964-848dc1c41d0c,29/04/2022,
3,31/08/2022,E00984,6bbc2367-3a20-4518-b964-848dc1c41d0c,29/04/2022,
3,30/09/2022,E00984,6bbc2367-3a20-4518-b964-848dc1c41d0c,29/04/2022,
3,31/10/2022,E00984,6bbc2367-3a20-4518-b964-848dc1c41d0c,29/04/2022,
3,30/11/2022,E00984,6bbc2367-3a20-4518-b964-848dc1c41d0c,29/04/2022,
3,31/12/2022,E00984,6bbc2367-3a20-4518-b964-848dc1c41d0c,29/04/2022,
3,31/01/2023,E00984,6bbc2367-3a20-4518-b964-848dc1c41d0c,29/04/2022,21/01/2023
4,31/10/2021,E01105,4db61ea9-3c48-48e0-8f02-e006c2698bc8,28/10/2021,
4,30/11/2021,E01105,4db61ea9-3c48-48e0-8f02-e006c2698bc8,28/10/2021,
4,31/12/2021,E01105,4db61ea9-3c48-48e0-8f02-e006c2698bc8,28/10/2021,
4,31/01/2022,E01105,4db61ea9-3c48-48e0-8f02-e006c2698bc8,28/10/2021,
4,28/02/2022,E01105,4db61ea9-3c48-48e0-8f02-e006c2698bc8,28/10/2021,
4,31/03/2022,E01105,4db61ea9-3c48-48e0-8f02-e006c2698bc8,28/10/2021,
4,30/04/2022,E01105,4db61ea9-3c48-48e0-8f02-e006c2698bc8,28/10/2021,
4,31/05/2022,E01105,4db61ea9-3c48-48e0-8f02-e006c2698bc8,28/10/2021,
4,30/06/2022,E01105,4db61ea9-3c48-48e0-8f02-e006c2698bc8,28/10/2021,
4,31/07/2022,E01105,4db61ea9-3c48-48e0-8f02-e006c2698bc8,28/10/2021,
4,31/08/2022,E01105,4db61ea9-3c48-48e0-8f02-e006c2698bc8,28/10/2021,
4,30/09/2022,E01105,4db61ea9-3c48-48e0-8f02-e006c2698bc8,28/10/2021,
4,31/10/2022,E01105,4db61ea9-3c48-48e0-8f02-e006c2698bc8,28/10/2021,
4,30/11/2022,E01105,4db61ea9-3c48-48e0-8f02-e006c2698bc8,28/10/2021,
4,31/12/2022,E01105,4db61ea9-3c48-48e0-8f02-e006c2698bc8,28/10/2021,
4,31/01/2023,E01105,4db61ea9-3c48-48e0-8f02-e006c2698bc8,28/10/2021,
4,28/02/2023,E01105,4db61ea9-3c48-48e0-8f02-e006c2698bc8,28/10/2021,
4,31/03/2023,E01105,4db61ea9-3c48-48e0-8f02-e006c2698bc8,28/10/2021,
4,30/04/2023,E01105,4db61ea9-3c48-48e0-8f02-e006c2698bc8,28/10/2021,
4,31/05/2023,E01105,4db61ea9-3c48-48e0-8f02-e006c2698bc8,28/10/2021,
4,30/06/2023,E01105,4db61ea9-3c48-48e0-8f02-e006c2698bc8,28/10/2021,
1,30/04/2020,E01212,204d97d5-80c5-4a51-8d89-a6d06dd8682e,27/04/2020,
1,31/05/2020,E01212,204d97d5-80c5-4a51-8d89-a6d06dd8682e,27/04/2020,
1,30/06/2020,E01212,204d97d5-80c5-4a51-8d89-a6d06dd8682e,27/04/2020,
1,31/07/2020,E01212,204d97d5-80c5-4a51-8d89-a6d06dd8682e,27/04/2020,
1,31/08/2020,E01212,204d97d5-80c5-4a51-8d89-a6d06dd8682e,27/04/2020,
1,30/09/2020,E01212,204d97d5-80c5-4a51-8d89-a6d06dd8682e,27/04/2020,
1,31/10/2020,E01212,204d97d5-80c5-4a51-8d89-a6d06dd8682e,27/04/2020,
1,30/11/2020,E01212,204d97d5-80c5-4a51-8d89-a6d06dd8682e,27/04/2020,
1,31/12/2020,E01212,204d97d5-80c5-4a51-8d89-a6d06dd8682e,27/04/2020,
1,31/01/2021,E01212,204d97d5-80c5-4a51-8d89-a6d06dd8682e,27/04/2020,
1,28/02/2021,E01212,204d97d5-80c5-4a51-8d89-a6d06dd8682e,27/04/2020,
1,31/03/2021,E01212,204d97d5-80c5-4a51-8d89-a6d06dd8682e,27/04/2020,
1,30/04/2021,E01212,204d97d5-80c5-4a51-8d89-a6d06dd8682e,27/04/2020,
1,31/05/2021,E01212,204d97d5-80c5-4a51-8d89-a6d06dd8682e,27/04/2020,
1,30/06/2021,E01212,204d97d5-80c5-4a51-8d89-a6d06dd8682e,27/04/2020,
1,31/07/2021,E01212,204d97d5-80c5-4a51-8d89-a6d06dd8682e,27/04/2020,
1,31/08/2021,E01212,204d97d5-80c5-4a51-8d89-a6d06dd8682e,27/04/2020,
1,30/09/2021,E01212,204d97d5-80c5-4a51-8d89-a6d06dd8682e,27/04/2020,
1,31/10/2021,E01212,204d97d5-80c5-4a51-8d89-a6d06dd8682e,27/04/2020,
1,30/11/2021,E01212,204d97d5-80c5-4a51-8d89-a6d06dd8682e,27/04/2020,
1,31/12/2021,E01212,204d97d5-80c5-4a51-8d89-a6d06dd8682e,27/04/2020,
1,31/01/2022,E01212,204d97d5-80c5-4a51-8d89-a6d06dd8682e,27/04/2020,
1,28/02/2022,E01212,204d97d5-80c5-4a51-8d89-a6d06dd8682e,27/04/2020,
1,31/03/2022,E01212,204d97d5-80c5-4a51-8d89-a6d06dd8682e,27/04/2020,
1,30/04/2022,E01212,204d97d5-80c5-4a51-8d89-a6d06dd8682e,27/04/2020,
1,31/05/2022,E01212,204d97d5-80c5-4a51-8d89-a6d06dd8682e,27/04/2020,
1,30/06/2022,E01212,204d97d5-80c5-4a51-8d89-a6d06dd8682e,27/04/2020,
1,31/07/2022,E01212,204d97d5-80c5-4a51-8d89-a6d06dd8682e,27/04/2020,
1,31/08/2022,E01212,204d97d5-80c5-4a51-8d89-a6d06dd8682e,27/04/2020,
1,30/09/2022,E01212,204d97d5-80c5-4a51-8d89-a6d06dd8682e,27/04/2020,
1,31/10/2022,E01212,204d97d5-80c5-4a51-8d89-a6d06dd8682e,27/04/2020,
1,30/11/2022,E01212,204d97d5-80c5-4a51-8d89-a6d06dd8682e,27/04/2020,
1,31/12/2022,E01212,204d97d5-80c5-4a51-8d89-a6d06dd8682e,27/04/2020,
1,31/01/2023,E01212,204d97d5-80c5-4a51-8d89-a6d06dd8682e,27/04/2020,
1,28/02/2023,E01212,204d97d5-80c5-4a51-8d89-a6d06dd8682e,27/04/2020,
1,31/03/2023,E01212,204d97d5-80c5-4a51-8d89-a6d06dd8682e,27/04/2020,
1,30/04/2023,E01212,204d97d5-80c5-4a51-8d89-a6d06dd8682e,27/04/2020,
1,31/05/2023,E01212,204d97d5-80c5-4a51-8d89-a6d06dd8682e,27/04/2020,
1,30/06/2023,E01212,204d97d5-80c5-4a51-8d89-a6d06dd8682e,27/04/2020,
1,31/12/2022,E01277,facccbb3-ec7d-4956-b475-1ee7f7f90aa9,26/12/2022,
1,31/01/2023,E01277,facccbb3-ec7d-4956-b475-1ee7f7f90aa9,26/12/2022,
1,28/02/2023,E01277,facccbb3-ec7d-4956-b475-1ee7f7f90aa9,26/12/2022,
1,31/03/2023,E01277,facccbb3-ec7d-4956-b475-1ee7f7f90aa9,26/12/2022,
1,30/04/2023,E01277,facccbb3-ec7d-4956-b475-1ee7f7f90aa9,26/12/2022,
1,31/05/2023,E01277,facccbb3-ec7d-4956-b475-1ee7f7f90aa9,26/12/2022,
1,30/06/2023,E01277,facccbb3-ec7d-4956-b475-1ee7f7f90aa9,26/12/2022,
6,31/01/2023,E01280,e82034ae-f383-485f-a73d-2b452734c50e,24/01/2023,
6,28/02/2023,E01280,e82034ae-f383-485f-a73d-2b452734c50e,24/01/2023,
6,31/03/2023,E01280,e82034ae-f383-485f-a73d-2b452734c50e,24/01/2023,
6,30/04/2023,E01280,e82034ae-f383-485f-a73d-2b452734c50e,24/01/2023,
6,31/05/2023,E01280,e82034ae-f383-485f-a73d-2b452734c50e,24/01/2023,
6,30/06/2023,E01280,e82034ae-f383-485f-a73d-2b452734c50e,24/01/2023,
6,31/08/2021,E01377,30108ebd-5d61-4ca9-bdd9-2b2400ba6c89,26/08/2021,
6,30/09/2021,E01377,30108ebd-5d61-4ca9-bdd9-2b2400ba6c89,26/08/2021,
6,31/10/2021,E01377,30108ebd-5d61-4ca9-bdd9-2b2400ba6c89,26/08/2021,
6,30/11/2021,E01377,30108ebd-5d61-4ca9-bdd9-2b2400ba6c89,26/08/2021,
6,31/12/2021,E01377,30108ebd-5d61-4ca9-bdd9-2b2400ba6c89,26/08/2021,
6,31/01/2022,E01377,30108ebd-5d61-4ca9-bdd9-2b2400ba6c89,26/08/2021,
6,28/02/2022,E01377,30108ebd-5d61-4ca9-bdd9-2b2400ba6c89,26/08/2021,
6,31/03/2022,E01377,30108ebd-5d61-4ca9-bdd9-2b2400ba6c89,26/08/2021,
6,30/04/2022,E01377,30108ebd-5d61-4ca9-bdd9-2b2400ba6c89,26/08/2021,
6,31/05/2022,E01377,30108ebd-5d61-4ca9-bdd9-2b2400ba6c89,26/08/2021,
6,30/06/2022,E01377,30108ebd-5d61-4ca9-bdd9-2b2400ba6c89,26/08/2021,
6,31/07/2022,E01377,30108ebd-5d61-4ca9-bdd9-2b2400ba6c89,26/08/2021,
6,31/08/2022,E01377,30108ebd-5d61-4ca9-bdd9-2b2400ba6c89,26/08/2021,
6,30/09/2022,E01377,30108ebd-5d61-4ca9-bdd9-2b2400ba6c89,26/08/2021,
6,31/10/2022,E01377,30108ebd-5d61-4ca9-bdd9-2b2400ba6c89,26/08/2021,
6,30/11/2022,E01377,30108ebd-5d61-4ca9-bdd9-2b2400ba6c89,26/08/2021,
6,31/12/2022,E01377,30108ebd-5d61-4ca9-bdd9-2b2400ba6c89,26/08/2021,
6,31/01/2023,E01377,30108ebd-5d61-4ca9-bdd9-2b2400ba6c89,26/08/2021,
6,28/02/2023,E01377,30108ebd-5d61-4ca9-bdd9-2b2400ba6c89,26/08/2021,
6,31/03/2023,E01377,30108ebd-5d61-4ca9-bdd9-2b2400ba6c89,26/08/2021,
6,30/04/2023,E01377,30108ebd-5d61-4ca9-bdd9-2b2400ba6c89,26/08/2021,
6,31/05/2023,E01377,30108ebd-5d61-4ca9-bdd9-2b2400ba6c89,26/08/2021,
6,30/06/2023,E01377,30108ebd-5d61-4ca9-bdd9-2b2400ba6c89,26/08/2021,
6,30/06/2022,E01386,322c7b43-ad8a-49f2-b081-7a1748249461,28/06/2022,
6,31/07/2022,E01386,322c7b43-ad8a-49f2-b081-7a1748249461,28/06/2022,
6,31/08/2022,E01386,322c7b43-ad8a-49f2-b081-7a1748249461,28/06/2022,
6,30/09/2022,E01386,322c7b43-ad8a-49f2-b081-7a1748249461,28/06/2022,
6,31/10/2022,E01386,322c7b43-ad8a-49f2-b081-7a1748249461,28/06/2022,
6,30/11/2022,E01386,322c7b43-ad8a-49f2-b081-7a1748249461,28/06/2022,
6,31/12/2022,E01386,322c7b43-ad8a-49f2-b081-7a1748249461,28/06/2022,
6,31/01/2023,E01386,322c7b43-ad8a-49f2-b081-7a1748249461,28/06/2022,
6,28/02/2023,E01386,322c7b43-ad8a-49f2-b081-7a1748249461,28/06/2022,
6,31/03/2023,E01386,322c7b43-ad8a-49f2-b081-7a1748249461,28/06/2022,
6,30/04/2023,E01386,322c7b43-ad8a-49f2-b081-7a1748249461,28/06/2022,
6,31/05/2023,E01386,322c7b43-ad8a-49f2-b081-7a1748249461,28/06/2022,
6,30/06/2023,E01386,322c7b43-ad8a-49f2-b081-7a1748249461,28/06/2022,
2,30/11/2019,E01402,e43c6893-6da8-4918-96b9-19ae6ede47ac,26/11/2019,
2,31/12/2019,E01402,e43c6893-6da8-4918-96b9-19ae6ede47ac,26/11/2019,
2,31/01/2020,E01402,e43c6893-6da8-4918-96b9-19ae6ede47ac,26/11/2019,
2,29/02/2020,E01402,e43c6893-6da8-4918-96b9-19ae6ede47ac,26/11/2019,
2,31/03/2020,E01402,e43c6893-6da8-4918-96b9-19ae6ede47ac,26/11/2019,
2,30/04/2020,E01402,e43c6893-6da8-4918-96b9-19ae6ede47ac,26/11/2019,
2,31/05/2020,E01402,e43c6893-6da8-4918-96b9-19ae6ede47ac,26/11/2019,
2,30/06/2020,E01402,e43c6893-6da8-4918-96b9-19ae6ede47ac,26/11/2019,
2,31/07/2020,E01402,e43c6893-6da8-4918-96b9-19ae6ede47ac,26/11/2019,
2,31/08/2020,E01402,e43c6893-6da8-4918-96b9-19ae6ede47ac,26/11/2019,
2,30/09/2020,E01402,e43c6893-6da8-4918-96b9-19ae6ede47ac,26/11/2019,
2,31/10/2020,E01402,e43c6893-6da8-4918-96b9-19ae6ede47ac,26/11/2019,
2,30/11/2020,E01402,e43c6893-6da8-4918-96b9-19ae6ede47ac,26/11/2019,
2,31/12/2020,E01402,e43c6893-6da8-4918-96b9-19ae6ede47ac,26/11/2019,
2,31/01/2021,E01402,e43c6893-6da8-4918-96b9-19ae6ede47ac,26/11/2019,
2,28/02/2021,E01402,e43c6893-6da8-4918-96b9-19ae6ede47ac,26/11/2019,
2,31/03/2021,E01402,e43c6893-6da8-4918-96b9-19ae6ede47ac,26/11/2019,
2,30/04/2021,E01402,e43c6893-6da8-4918-96b9-19ae6ede47ac,26/11/2019,
2,31/05/2021,E01402,e43c6893-6da8-4918-96b9-19ae6ede47ac,26/11/2019,
2,30/06/2021,E01402,e43c6893-6da8-4918-96b9-19ae6ede47ac,26/11/2019,
2,31/07/2021,E01402,e43c6893-6da8-4918-96b9-19ae6ede47ac,26/11/2019,
2,31/08/2021,E01402,e43c6893-6da8-4918-96b9-19ae6ede47ac,26/11/2019,
2,30/09/2021,E01402,e43c6893-6da8-4918-96b9-19ae6ede47ac,26/11/2019,
2,31/10/2021,E01402,e43c6893-6da8-4918-96b9-19ae6ede47ac,26/11/2019,
2,30/11/2021,E01402,e43c6893-6da8-4918-96b9-19ae6ede47ac,26/11/2019,
2,31/12/2021,E01402,e43c6893-6da8-4918-96b9-19ae6ede47ac,26/11/2019,
2,31/01/2022,E01402,e43c6893-6da8-4918-96b9-19ae6ede47ac,26/11/2019,
2,28/02/2022,E01402,e43c6893-6da8-4918-96b9-19ae6ede47ac,26/11/2019,
2,31/03/2022,E01402,e43c6893-6da8-4918-96b9-19ae6ede47ac,26/11/2019,
2,30/04/2022,E01402,e43c6893-6da8-4918-96b9-19ae6ede47ac,26/11/2019,
2,31/05/2022,E01402,e43c6893-6da8-4918-96b9-19ae6ede47ac,26/11/2019,
2,30/06/2022,E01402,e43c6893-6da8-4918-96b9-19ae6ede47ac,26/11/2019,
2,31/07/2022,E01402,e43c6893-6da8-4918-96b9-19ae6ede47ac,26/11/2019,
2,31/08/2022,E01402,e43c6893-6da8-4918-96b9-19ae6ede47ac,26/11/2019,
2,30/09/2022,E01402,e43c6893-6da8-4918-96b9-19ae6ede47ac,26/11/2019,
2,31/10/2022,E01402,e43c6893-6da8-4918-96b9-19ae6ede47ac,26/11/2019,
2,30/11/2022,E01402,e43c6893-6da8-4918-96b9-19ae6ede47ac,26/11/2019,
2,31/12/2022,E01402,e43c6893-6da8-4918-96b9-19ae6ede47ac,26/11/2019,
2,31/01/2023,E01402,e43c6893-6da8-4918-96b9-19ae6ede47ac,26/11/2019,
2,28/02/2023,E01402,e43c6893-6da8-4918-96b9-19ae6ede47ac,26/11/2019,
2,31/03/2023,E01402,e43c6893-6da8-4918-96b9-19ae6ede47ac,26/11/2019,
2,30/04/2023,E01402,e43c6893-6da8-4918-96b9-19ae6ede47ac,26/11/2019,
2,31/05/2023,E01402,e43c6893-6da8-4918-96b9-19ae6ede47ac,26/11/2019,
2,30/06/2023,E01402,e43c6893-6da8-4918-96b9-19ae6ede47ac,26/11/2019,
1,31/01/2023,E01476,39ff49f9-bfc5-46b3-8de9-60afa154e9a7,24/01/2023,
1,28/02/2023,E01476,39ff49f9-bfc5-46b3-8de9-60afa154e9a7,24/01/2023,
1,31/03/2023,E01476,39ff49f9-bfc5-46b3-8de9-60afa154e9a7,24/01/2023,
1,30/04/2023,E01476,39ff49f9-bfc5-46b3-8de9-60afa154e9a7,24/01/2023,
1,31/05/2023,E01476,39ff49f9-bfc5-46b3-8de9-60afa154e9a7,24/01/2023,
1,30/06/2023,E01476,39ff49f9-bfc5-46b3-8de9-60afa154e9a7,24/01/2023,
2,30/11/2018,E00188,300f6f51-f4af-4886-97ad-3deda35ffd46,05/11/2018,
2,31/12/2018,E00188,300f6f51-f4af-4886-97ad-3deda35ffd46,05/11/2018,
2,30/11/2019,E00188,300f6f51-f4af-4886-97ad-3deda35ffd46,05/11/2018,
2,31/12/2019,E00188,300f6f51-f4af-4886-97ad-3deda35ffd46,05/11/2018,
2,30/11/2020,E00188,300f6f51-f4af-4886-97ad-3deda35ffd46,05/11/2018,
2,31/12/2020,E00188,300f6f51-f4af-4886-97ad-3deda35ffd46,05/11/2018,
2,30/11/2021,E00188,300f6f51-f4af-4886-97ad-3deda35ffd46,05/11/2018,
2,31/12/2021,E00188,300f6f51-f4af-4886-97ad-3deda35ffd46,05/11/2018,
2,30/11/2022,E00188,300f6f51-f4af-4886-97ad-3deda35ffd46,05/11/2018,
2,31/12/2022,E00188,300f6f51-f4af-4886-97ad-3deda35ffd46,05/11/2018,
6,30/06/2020,E00191,9855555c-21f2-47af-96be-c0936ae3063b,15/06/2020,
6,31/07/2020,E00191,9855555c-21f2-47af-96be-c0936ae3063b,15/06/2020,
6,31/08/2020,E00191,9855555c-21f2-47af-96be-c0936ae3063b,15/06/2020,
6,30/06/2021,E00191,9855555c-21f2-47af-96be-c0936ae3063b,15/06/2020,
6,31/07/2021,E00191,9855555c-21f2-47af-96be-c0936ae3063b,15/06/2020,
6,31/08/2021,E00191,9855555c-21f2-47af-96be-c0936ae3063b,15/06/2020,
6,30/06/2022,E00191,9855555c-21f2-47af-96be-c0936ae3063b,15/06/2020,
6,31/07/2022,E00191,9855555c-21f2-47af-96be-c0936ae3063b,15/06/2020,
6,31/08/2022,E00191,9855555c-21f2-47af-96be-c0936ae3063b,15/06/2020,
6,30/06/2023,E00191,9855555c-21f2-47af-96be-c0936ae3063b,15/06/2020,
6,30/06/2020,E00217,47a699bd-b254-4f28-b90d-3bc91cddab36,02/06/2020,
6,31/07/2020,E00217,47a699bd-b254-4f28-b90d-3bc91cddab36,02/06/2020,
6,31/08/2020,E00217,47a699bd-b254-4f28-b90d-3bc91cddab36,02/06/2020,
6,30/06/2021,E00217,47a699bd-b254-4f28-b90d-3bc91cddab36,02/06/2020,
6,31/07/2021,E00217,47a699bd-b254-4f28-b90d-3bc91cddab36,02/06/2020,
6,31/08/2021,E00217,47a699bd-b254-4f28-b90d-3bc91cddab36,02/06/2020,
6,30/06/2022,E00217,47a699bd-b254-4f28-b90d-3bc91cddab36,02/06/2020,
6,31/07/2022,E00217,47a699bd-b254-4f28-b90d-3bc91cddab36,02/06/2020,
6,31/08/2022,E00217,47a699bd-b254-4f28-b90d-3bc91cddab36,02/06/2020,
6,30/06/2023,E00217,47a699bd-b254-4f28-b90d-3bc91cddab36,02/06/2020,
6,30/06/2020,E00414,b4ddcf3a-ed25-4394-b87d-bd7c07e9dc1d,09/06/2020,
6,31/07/2020,E00414,b4ddcf3a-ed25-4394-b87d-bd7c07e9dc1d,09/06/2020,
6,31/08/2020,E00414,b4ddcf3a-ed25-4394-b87d-bd7c07e9dc1d,09/06/2020,
6,30/06/2021,E00414,b4ddcf3a-ed25-4394-b87d-bd7c07e9dc1d,09/06/2020,
6,31/07/2021,E00414,b4ddcf3a-ed25-4394-b87d-bd7c07e9dc1d,09/06/2020,
6,31/08/2021,E00414,b4ddcf3a-ed25-4394-b87d-bd7c07e9dc1d,09/06/2020,
6,30/06/2022,E00414,b4ddcf3a-ed25-4394-b87d-bd7c07e9dc1d,09/06/2020,
6,31/07/2022,E00414,b4ddcf3a-ed25-4394-b87d-bd7c07e9dc1d,09/06/2020,
6,31/08/2022,E00414,b4ddcf3a-ed25-4394-b87d-bd7c07e9dc1d,09/06/2020,
6,30/06/2023,E00414,b4ddcf3a-ed25-4394-b87d-bd7c07e9dc1d,09/06/2020,
2,30/11/2018,E00471,16edef11-9aac-4dab-ac2c-615dbf3daca2,15/11/2018,
2,31/12/2018,E00471,16edef11-9aac-4dab-ac2c-615dbf3daca2,15/11/2018,
2,30/11/2019,E00471,16edef11-9aac-4dab-ac2c-615dbf3daca2,15/11/2018,
2,31/12/2019,E00471,16edef11-9aac-4dab-ac2c-615dbf3daca2,15/11/2018,
2,30/11/2020,E00471,16edef11-9aac-4dab-ac2c-615dbf3daca2,15/11/2018,
2,31/12/2020,E00471,16edef11-9aac-4dab-ac2c-615dbf3daca2,15/11/2018,
2,30/11/2021,E00471,16edef11-9aac-4dab-ac2c-615dbf3daca2,15/11/2018,
2,31/12/2021,E00471,16edef11-9aac-4dab-ac2c-615dbf3daca2,15/11/2018,
2,30/11/2022,E00471,16edef11-9aac-4dab-ac2c-615dbf3daca2,15/11/2018,
2,31/12/2022,E00471,16edef11-9aac-4dab-ac2c-615dbf3daca2,15/11/2018,
6,30/06/2020,E00637,03cfc782-14b6-4f6c-a822-98564c152400,11/06/2020,
6,31/07/2020,E00637,03cfc782-14b6-4f6c-a822-98564c152400,11/06/2020,
6,31/08/2020,E00637,03cfc782-14b6-4f6c-a822-98564c152400,11/06/2020,
6,30/06/2021,E00637,03cfc782-14b6-4f6c-a822-98564c152400,11/06/2020,
6,31/07/2021,E00637,03cfc782-14b6-4f6c-a822-98564c152400,11/06/2020,
6,31/08/2021,E00637,03cfc782-14b6-4f6c-a822-98564c152400,11/06/2020,
6,30/06/2022,E00637,03cfc782-14b6-4f6c-a822-98564c152400,11/06/2020,
6,31/07/2022,E00637,03cfc782-14b6-4f6c-a822-98564c152400,11/06/2020,
6,31/08/2022,E00637,03cfc782-14b6-4f6c-a822-98564c152400,11/06/2020,
6,30/06/2023,E00637,03cfc782-14b6-4f6c-a822-98564c152400,11/06/2020,
1,30/06/2018,E00696,caf47974-9f10-47fc-a1d3-af7f3cd06141,12/06/2018,
1,31/07/2018,E00696,caf47974-9f10-47fc-a1d3-af7f3cd06141,12/06/2018,
1,31/08/2018,E00696,caf47974-9f10-47fc-a1d3-af7f3cd06141,12/06/2018,
1,30/06/2019,E00696,caf47974-9f10-47fc-a1d3-af7f3cd06141,12/06/2018,
1,31/07/2019,E00696,caf47974-9f10-47fc-a1d3-af7f3cd06141,12/06/2018,
1,31/08/2019,E00696,caf47974-9f10-47fc-a1d3-af7f3cd06141,12/06/2018,
1,30/06/2020,E00696,caf47974-9f10-47fc-a1d3-af7f3cd06141,12/06/2018,
1,31/07/2020,E00696,caf47974-9f10-47fc-a1d3-af7f3cd06141,12/06/2018,
1,31/08/2020,E00696,caf47974-9f10-47fc-a1d3-af7f3cd06141,12/06/2018,
1,30/06/2021,E00696,caf47974-9f10-47fc-a1d3-af7f3cd06141,12/06/2018,
1,31/07/2021,E00696,caf47974-9f10-47fc-a1d3-af7f3cd06141,12/06/2018,
1,31/08/2021,E00696,caf47974-9f10-47fc-a1d3-af7f3cd06141,12/06/2018,
1,30/06/2022,E00696,caf47974-9f10-47fc-a1d3-af7f3cd06141,12/06/2018,
1,31/07/2022,E00696,caf47974-9f10-47fc-a1d3-af7f3cd06141,12/06/2018,
1,31/08/2022,E00696,caf47974-9f10-47fc-a1d3-af7f3cd06141,12/06/2018,
1,30/06/2023,E00696,caf47974-9f10-47fc-a1d3-af7f3cd06141,12/06/2018,
2,31/08/2018,E00922,04eb30bc-42d7-4f5d-a26b-0af211b5691e,11/08/2018,
2,30/06/2019,E00922,04eb30bc-42d7-4f5d-a26b-0af211b5691e,11/08/2018,
2,31/07/2019,E00922,04eb30bc-42d7-4f5d-a26b-0af211b5691e,11/08/2018,
2,31/08/2019,E00922,04eb30bc-42d7-4f5d-a26b-0af211b5691e,11/08/2018,
2,30/06/2020,E00922,04eb30bc-42d7-4f5d-a26b-0af211b5691e,11/08/2018,
2,31/07/2020,E00922,04eb30bc-42d7-4f5d-a26b-0af211b5691e,11/08/2018,
2,31/08/2020,E00922,04eb30bc-42d7-4f5d-a26b-0af211b5691e,11/08/2018,
2,30/06/2021,E00922,04eb30bc-42d7-4f5d-a26b-0af211b5691e,11/08/2018,
2,31/07/2021,E00922,04eb30bc-42d7-4f5d-a26b-0af211b5691e,11/08/2018,
2,31/08/2021,E00922,04eb30bc-42d7-4f5d-a26b-0af211b5691e,11/08/2018,
2,30/06/2022,E00922,04eb30bc-42d7-4f5d-a26b-0af211b5691e,11/08/2018,
2,31/07/2022,E00922,04eb30bc-42d7-4f5d-a26b-0af211b5691e,11/08/2018,
2,31/08/2022,E00922,04eb30bc-42d7-4f5d-a26b-0af211b5691e,11/08/2018,
2,30/06/2023,E00922,04eb30bc-42d7-4f5d-a26b-0af211b5691e,11/08/2018,
2,30/11/2018,E00997,e1206423-46a7-4904-b26a-2a39ea8f7ecd,11/11/2018,
2,31/12/2018,E00997,e1206423-46a7-4904-b26a-2a39ea8f7ecd,11/11/2018,
2,30/11/2019,E00997,e1206423-46a7-4904-b26a-2a39ea8f7ecd,11/11/2018,
2,31/12/2019,E00997,e1206423-46a7-4904-b26a-2a39ea8f7ecd,11/11/2018,
2,30/11/2020,E00997,e1206423-46a7-4904-b26a-2a39ea8f7ecd,11/11/2018,
2,31/12/2020,E00997,e1206423-46a7-4904-b26a-2a39ea8f7ecd,11/11/2018,
2,30/11/2021,E00997,e1206423-46a7-4904-b26a-2a39ea8f7ecd,11/11/2018,
2,31/12/2021,E00997,e1206423-46a7-4904-b26a-2a39ea8f7ecd,11/11/2018,
2,30/11/2022,E00997,e1206423-46a7-4904-b26a-2a39ea8f7ecd,11/11/2018,
2,31/12/2022,E00997,e1206423-46a7-4904-b26a-2a39ea8f7ecd,11/11/2018,
2,30/11/2018,E01110,7df5a2c1-0848-4781-bc26-d87f143455c4,05/11/2018,
2,31/12/2018,E01110,7df5a2c1-0848-4781-bc26-d87f143455c4,05/11/2018,
2,30/11/2019,E01110,7df5a2c1-0848-4781-bc26-d87f143455c4,05/11/2018,
2,31/12/2019,E01110,7df5a2c1-0848-4781-bc26-d87f143455c4,05/11/2018,
2,30/11/2020,E01110,7df5a2c1-0848-4781-bc26-d87f143455c4,05/11/2018,
2,31/12/2020,E01110,7df5a2c1-0848-4781-bc26-d87f143455c4,05/11/2018,
2,30/11/2021,E01110,7df5a2c1-0848-4781-bc26-d87f143455c4,05/11/2018,
2,31/12/2021,E01110,7df5a2c1-0848-4781-bc26-d87f143455c4,05/11/2018,
2,30/11/2022,E01110,7df5a2c1-0848-4781-bc26-d87f143455c4,05/11/2018,
2,31/12/2022,E01110,7df5a2c1-0848-4781-bc26-d87f143455c4,05/11/2018,
6,30/11/2019,E01216,33c50db6-048a-46a8-b6c5-667e39d29be5,06/11/2019,
6,31/12/2019,E01216,33c50db6-048a-46a8-b6c5-667e39d29be5,06/11/2019,
6,30/11/2020,E01216,33c50db6-048a-46a8-b6c5-667e39d29be5,06/11/2019,
6,31/12/2020,E01216,33c50db6-048a-46a8-b6c5-667e39d29be5,06/11/2019,
6,30/11/2021,E01216,33c50db6-048a-46a8-b6c5-667e39d29be5,06/11/2019,
6,31/12/2021,E01216,33c50db6-048a-46a8-b6c5-667e39d29be5,06/11/2019,
6,30/11/2022,E01216,33c50db6-048a-46a8-b6c5-667e39d29be5,06/11/2019,
6,31/12/2022,E01216,33c50db6-048a-46a8-b6c5-667e39d29be5,06/11/2019,
6,30/11/2019,E01397,42ce428f-3c99-424b-98d2-ec4896e94d3a,11/11/2019,
6,31/12/2019,E01397,42ce428f-3c99-424b-98d2-ec4896e94d3a,11/11/2019,
6,30/11/2020,E01397,42ce428f-3c99-424b-98d2-ec4896e94d3a,11/11/2019,
6,31/12/2020,E01397,42ce428f-3c99-424b-98d2-ec4896e94d3a,11/11/2019,
6,30/11/2021,E01397,42ce428f-3c99-424b-98d2-ec4896e94d3a,11/11/2019,
6,31/12/2021,E01397,42ce428f-3c99-424b-98d2-ec4896e94d3a,11/11/2019,
6,30/11/2022,E01397,42ce428f-3c99-424b-98d2-ec4896e94d3a,11/11/2019,
6,31/12/2022,E01397,42ce428f-3c99-424b-98d2-ec4896e94d3a,11/11/2019,
